0.463673        0.277293      1
0.150692        0.158609      2
0.123348        0.127940      3
0.107249        0.121860      4
0.097204        0.125498      5
0.089109        0.121070      6
0.081808        0.108988      7
0.075323        0.096894      8
0.069703        0.086290      9
0.065173        0.078688      10
0.061507        0.074099      11
0.058479        0.071019      12
0.055933        0.068854      13
0.053766        0.067206      14
0.051895        0.065808      15
0.050253        0.064490      16
0.048797        0.063112      17
0.047497        0.061670      18
0.046326        0.060265      19
0.045253        0.058965      20
0.044265        0.057773      21
0.043358        0.056657      22
0.042527        0.055575      23
0.041761        0.054505      24
0.041051        0.053439      25
0.040389        0.052380      26
0.039772        0.051334      27
0.039195        0.050315      28
0.038656        0.049345      29
0.038150        0.048434      30
0.037674        0.047579      31
0.037224        0.046775      32
0.036797        0.046019      33
0.036390        0.045310      34
0.036001        0.044646      35
0.035629        0.044026      36
0.035272        0.043446      37
0.034929        0.042904      38
0.034599        0.042398      39
0.034280        0.041923      40
0.033973        0.041476      41
0.033677        0.041054      42
0.033391        0.040655      43
0.033115        0.040275      44
0.032848        0.039912      45
0.032591        0.039564      46
0.032342        0.039231      47
0.032100        0.038911      48
0.031867        0.038604      49
0.031640        0.038309      50
0.031420        0.038025      51
0.031206        0.037752      52
0.030998        0.037487      53
0.030796        0.037231      54
0.030600        0.036983      55
0.030408        0.036743      56
0.030222        0.036509      57
0.030040        0.036282      58
0.029862        0.036061      59
0.029689        0.035846      60
0.029519        0.035636      61
0.029353        0.035433      62
0.029191        0.035234      63
0.029032        0.035041      64
0.028877        0.034853      65
0.028724        0.034669      66
0.028574        0.034491      67
0.028427        0.034317      68
0.028283        0.034147      69
0.028141        0.033982      70
0.028002        0.033821      71
0.027865        0.033665      72
0.027730        0.033512      73
0.027598        0.033364      74
0.027467        0.033219      75
0.027339        0.033079      76
0.027213        0.032943      77
0.027089        0.032811      78
0.026967        0.032684      79
0.026847        0.032561      80
0.026729        0.032442      81
0.026613        0.032327      82
0.026499        0.032216      83
0.026386        0.032110      84
0.026276        0.032007      85
0.026166        0.031908      86
0.026059        0.031812      87
0.025953        0.031720      88
0.025849        0.031631      89
0.025746        0.031545      90
0.025644        0.031462      91
0.025544        0.031381      92
0.025445        0.031302      93
0.025348        0.031226      94
0.025252        0.031153      95
0.025157        0.031082      96
0.025063        0.031012      97
0.024971        0.030945      98
0.024879        0.030880      99
0.024789        0.030817      100
0.024700        0.030755      101
0.024611        0.030695      102
0.024524        0.030637      103
0.024438        0.030579      104
0.024353        0.030523      105
0.024269        0.030468      106
0.024187        0.030414      107
0.024105        0.030361      108
0.024024        0.030308      109
0.023944        0.030256      110
0.023865        0.030204      111
0.023786        0.030154      112
0.023709        0.030103      113
0.023633        0.030054      114
0.023557        0.030004      115
0.023482        0.029956      116
0.023408        0.029908      117
0.023335        0.029860      118
0.023262        0.029813      119
0.023190        0.029767      120
0.023119        0.029721      121
0.023048        0.029676      122
0.022978        0.029631      123
0.022909        0.029587      124
0.022841        0.029544      125
0.022773        0.029501      126
0.022705        0.029459      127
0.022638        0.029417      128
0.022571        0.029375      129
0.022505        0.029335      130
0.022439        0.029294      131
0.022374        0.029254      132
0.022308        0.029215      133
0.022244        0.029176      134
0.022179        0.029137      135
0.022115        0.029098      136
0.022053        0.029059      137
0.021991        0.029020      138
0.021930        0.028982      139
0.021870        0.028944      140
0.021811        0.028907      141
0.021753        0.028871      142
0.021695        0.028836      143
0.021638        0.028802      144
0.021582        0.028769      145
0.021526        0.028737      146
0.021470        0.028705      147
0.021415        0.028674      148
0.021361        0.028643      149
0.021306        0.028613      150
0.021253        0.028584      151
0.021199        0.028554      152
0.021146        0.028526      153
0.021094        0.028497      154
0.021042        0.028470      155
0.020990        0.028442      156
0.020939        0.028415      157
0.020888        0.028388      158
0.020838        0.028362      159
0.020788        0.028336      160
0.020738        0.028311      161
0.020689        0.028285      162
0.020640        0.028260      163
0.020591        0.028236      164
0.020543        0.028212      165
0.020495        0.028188      166
0.020448        0.028164      167
0.020400        0.028141      168
0.020353        0.028118      169
0.020307        0.028096      170
0.020261        0.028074      171
0.020214        0.028052      172
0.020169        0.028030      173
0.020123        0.028009      174
0.020078        0.027988      175
0.020033        0.027967      176
0.019989        0.027947      177
0.019944        0.027927      178
0.019900        0.027908      179
0.019857        0.027888      180
0.019813        0.027869      181
0.019770        0.027851      182
0.019727        0.027832      183
0.019684        0.027814      184
0.019641        0.027797      185
0.019599        0.027779      186
0.019557        0.027762      187
0.019515        0.027746      188
0.019473        0.027729      189
0.019432        0.027713      190
0.019390        0.027697      191
0.019349        0.027682      192
0.019308        0.027667      193
0.019268        0.027652      194
0.019227        0.027637      195
0.019187        0.027623      196
0.019147        0.027609      197
0.019107        0.027596      198
0.019067        0.027582      199
0.019028        0.027569      200
0.018989        0.027557      201
0.018949        0.027544      202
0.018910        0.027532      203
0.018872        0.027521      204
0.018833        0.027509      205
0.018795        0.027498      206
0.018756        0.027487      207
0.018718        0.027477      208
0.018680        0.027466      209
0.018642        0.027456      210
0.018605        0.027447      211
0.018567        0.027437      212
0.018530        0.027428      213
0.018493        0.027419      214
0.018456        0.027411      215
0.018419        0.027402      216
0.018382        0.027394      217
0.018345        0.027387      218
0.018309        0.027379      219
0.018273        0.027372      220
0.018237        0.027365      221
0.018201        0.027358      222
0.018165        0.027351      223
0.018129        0.027345      224
0.018093        0.027339      225
0.018058        0.027333      226
0.018023        0.027328      227
0.017988        0.027322      228
0.017952        0.027317      229
0.017918        0.027312      230
0.017883        0.027307      231
0.017848        0.027303      232
0.017814        0.027298      233
0.017779        0.027294      234
0.017745        0.027290      235
0.017711        0.027286      236
0.017677        0.027282      237
0.017643        0.027279      238
0.017609        0.027275      239
0.017575        0.027272      240
0.017542        0.027269      241
0.017508        0.027266      242
0.017475        0.027263      243
0.017442        0.027260      244
0.017409        0.027258      245
0.017376        0.027255      246
0.017343        0.027253      247
0.017310        0.027250      248
0.017278        0.027248      249
0.017245        0.027246      250
0.017213        0.027244      251
0.017181        0.027242      252
0.017149        0.027240      253
0.017117        0.027238      254
0.017085        0.027236      255
0.017053        0.027235      256
0.017021        0.027233      257
0.016990        0.027232      258
0.016958        0.027230      259
0.016927        0.027228      260
0.016896        0.027227      261
0.016865        0.027226      262
0.016834        0.027224      263
0.016803        0.027223      264
0.016772        0.027222      265
0.016741        0.027220      266
0.016711        0.027219      267
0.016681        0.027218      268
0.016650        0.027216      269
0.016620        0.027215      270
0.016590        0.027214      271
0.016560        0.027213      272
0.016531        0.027211      273
0.016501        0.027210      274
0.016471        0.027209      275
0.016442        0.027207      276
0.016412        0.027206      277
0.016383        0.027205      278
0.016354        0.027203      279
0.016325        0.027202      280
0.016296        0.027201      281
0.016267        0.027199      282
0.016239        0.027198      283
0.016210        0.027197      284
0.016181        0.027195      285
0.016153        0.027194      286
0.016125        0.027193      287
0.016096        0.027191      288
0.016068        0.027190      289
0.016040        0.027188      290
0.016012        0.027187      291
0.015984        0.027185      292
0.015957        0.027184      293
0.015929        0.027183      294
0.015901        0.027181      295
0.015874        0.027180      296
0.015847        0.027178      297
0.015820        0.027177      298
0.015792        0.027175      299
0.015765        0.027174      300
0.015739        0.027172      301
0.015712        0.027171      302
0.015685        0.027170      303
0.015659        0.027168      304
0.015632        0.027167      305
0.015606        0.027165      306
0.015580        0.027164      307
0.015554        0.027162      308
0.015528        0.027161      309
0.015502        0.027160      310
0.015476        0.027158      311
0.015451        0.027157      312
0.015425        0.027155      313
0.015400        0.027154      314
0.015374        0.027153      315
0.015349        0.027151      316
0.015324        0.027150      317
0.015299        0.027149      318
0.015274        0.027147      319
0.015250        0.027146      320
0.015225        0.027145      321
0.015201        0.027143      322
0.015176        0.027142      323
0.015152        0.027141      324
0.015128        0.027140      325
0.015104        0.027138      326
0.015080        0.027137      327
0.015056        0.027136      328
0.015032        0.027135      329
0.015009        0.027134      330
0.014985        0.027132      331
0.014962        0.027131      332
0.014938        0.027130      333
0.014915        0.027129      334
0.014892        0.027128      335
0.014869        0.027127      336
0.014846        0.027126      337
0.014824        0.027125      338
0.014801        0.027124      339
0.014779        0.027123      340
0.014756        0.027122      341
0.014734        0.027121      342
0.014712        0.027120      343
0.014690        0.027119      344
0.014668        0.027119      345
0.014646        0.027118      346
0.014624        0.027117      347
0.014602        0.027116      348
0.014581        0.027115      349
0.014559        0.027115      350
0.014538        0.027114      351
0.014516        0.027113      352
0.014495        0.027113      353
0.014474        0.027112      354
0.014453        0.027112      355
0.014432        0.027111      356
0.014411        0.027111      357
0.014391        0.027110      358
0.014370        0.027110      359
0.014350        0.027110      360
0.014329        0.027109      361
0.014309        0.027109      362
0.014288        0.027109      363
0.014268        0.027109      364
0.014248        0.027109      365
0.014228        0.027109      366
0.014208        0.027109      367
0.014188        0.027109      368
0.014169        0.027109      369
0.014149        0.027109      370
0.014129        0.027109      371
0.014110        0.027109      372
0.014090        0.027110      373
0.014071        0.027110      374
0.014051        0.027110      375
0.014032        0.027111      376
0.014013        0.027111      377
0.013994        0.027112      378
0.013975        0.027113      379
0.013956        0.027113      380
0.013937        0.027114      381
0.013918        0.027115      382
0.013899        0.027116      383
0.013881        0.027117      384
0.013862        0.027118      385
0.013844        0.027119      386
0.013825        0.027120      387
0.013807        0.027122      388
0.013788        0.027123      389
0.013770        0.027124      390
0.013752        0.027126      391
0.013733        0.027127      392
0.013715        0.027129      393
0.013697        0.027130      394
0.013679        0.027132      395
0.013661        0.027134      396
0.013643        0.027136      397
0.013625        0.027138      398
0.013607        0.027140      399
0.013590        0.027142      400
0.013572        0.027144      401
0.013554        0.027146      402
0.013537        0.027148      403
0.013519        0.027151      404
0.013502        0.027153      405
0.013484        0.027156      406
0.013467        0.027158      407
0.013449        0.027161      408
0.013432        0.027164      409
0.013415        0.027166      410
0.013398        0.027169      411
0.013380        0.027172      412
0.013363        0.027175      413
0.013346        0.027178      414
0.013329        0.027181      415
0.013312        0.027185      416
0.013295        0.027188      417
0.013278        0.027191      418
0.013262        0.027195      419
0.013245        0.027198      420
0.013228        0.027202      421
0.013211        0.027205      422
0.013195        0.027209      423
0.013178        0.027213      424
0.013162        0.027217      425
0.013145        0.027221      426
0.013129        0.027225      427
0.013112        0.027229      428
0.013096        0.027233      429
0.013080        0.027237      430
0.013063        0.027242      431
0.013047        0.027246      432
0.013031        0.027250      433
0.013015        0.027255      434
0.012999        0.027260      435
0.012984        0.027264      436
0.012985        0.027269      437
0.013034        0.027282      438
0.012978        0.027294      439
0.013147        0.027267      440
0.013386        0.027243      441
0.013399        0.027286      442
0.013155        0.027371      443
0.013651        0.027302      444
0.013373        0.027547      445
0.013109        0.027434      446
0.012863        0.027410      447
0.013749        0.027393      448
0.013175        0.027592      449
0.012873        0.027463      450
0.012885        0.027442      451
0.013027        0.027451      452
0.012807        0.027489      453
0.013704        0.027481      454
0.012871        0.027596      455
0.012775        0.027570      456
0.013477        0.027578      457
0.012802        0.027609      458
0.013464        0.027566      459
0.012774        0.027630      460
0.013229        0.027589      461
0.012721        0.027625      462
0.012890        0.027597      463
0.012738        0.027597      464
0.012722        0.027605      465
0.012695        0.027587      466
0.012671        0.027563      467
0.012646        0.027539      468
0.012620        0.027521      469
0.012595        0.027511      470
0.012569        0.027508      471
0.012543        0.027510      472
0.012518        0.027518      473
0.012491        0.027531      474
0.012444        0.027551      475
0.012565        0.027573      476
0.012540        0.027678      477
0.012762        0.027650      478
0.012668        0.027587      479
0.013242        0.027596      480
0.012735        0.027764      481
0.012521        0.027631      482
0.012419        0.027632      483
0.013041        0.027596      484
0.012530        0.027743      485
0.012317        0.027660      486
0.012268        0.027647      487
0.012298        0.027622      488
0.012309        0.027634      489
0.012898        0.027610      490
0.012853        0.027710      491
0.012418        0.027726      492
0.012259        0.027702      493
0.012862        0.027706      494
0.012227        0.027700      495
0.012649        0.027689      496
0.012364        0.027704      497
0.012372        0.027704      498
0.012362        0.027702      499
0.012293        0.027699      500
0.012241        0.027685      501
0.012206        0.027658      502
0.012179        0.027629      503
0.012156        0.027603      504
0.012132        0.027587      505
0.012109        0.027581      506
0.012087        0.027586      507
0.012067        0.027598      508
0.012041        0.027619      509
0.012099        0.027649      510
0.012124        0.027706      511
0.012379        0.027674      512
0.012144        0.027738      513
0.011981        0.027761      514
0.011955        0.027764      515
0.012514        0.027723      516
0.011883        0.027819      517
0.011969        0.027741      518
0.012670        0.027870      519
0.012150        0.027728      520
0.011937        0.027722      521
0.011923        0.027758      522
0.011833        0.027733      523
0.012145        0.027697      524
0.011802        0.027783      525
0.012402        0.027691      526
0.011888        0.027860      527
0.011782        0.027807      528
0.012131        0.027844      529
0.012010        0.027865      530
0.011985        0.027756      531
0.011917        0.027784      532
0.011866        0.027787      533
0.011815        0.027779      534
0.011774        0.027754      535
0.011747        0.027726      536
0.011723        0.027709      537
0.011702        0.027697      538
0.011682        0.027698      539
0.011668        0.027718      540
0.011659        0.027756      541
0.011886        0.027816      542
0.012060        0.027988      543
0.011737        0.027848      544
0.011578        0.027861      545
0.011675        0.027908      546
0.011988        0.027967      547
0.011604        0.027924      548
0.011474        0.027894      549
0.011524        0.028357      550
0.011507        0.027918      551
0.012094        0.027648      552
0.011742        0.028205      553
0.011518        0.027857      554
0.011857        0.027814      555
0.011489        0.027954      556
0.011404        0.027845      557
0.011624        0.027914      558
0.011724        0.028049      559
0.011430        0.027988      560
0.011766        0.027740      561
0.011421        0.028288      562
0.011673        0.027825      563
0.011385        0.028206      564
0.011345        0.027887      565
0.011652        0.027901      566
0.011488        0.028358      567
0.011475        0.027864      568
0.011561        0.028149      569
0.011386        0.027858      570
0.011501        0.027822      571
0.011480        0.028242      572
0.011295        0.028025      573
0.011459        0.027927      574
0.011315        0.027960      575
0.011417        0.027982      576
0.011609        0.028331      577
0.011339        0.028075      578
0.011372        0.027862      579
0.011281        0.027974      580
0.011558        0.028535      581
0.011236        0.028274      582
0.011457        0.027913      583
0.011293        0.028430      584
0.011247        0.027993      585
0.011431        0.028006      586
0.011191        0.028766      587
0.011173        0.028049      588
0.011433        0.028211      589
0.011252        0.028188      590
0.011154        0.028131      591
0.011368        0.029009      592
0.011160        0.028141      593
0.011266        0.028090      594
0.011198        0.028762      595
0.011212        0.028018      596
0.011397        0.028342      597
0.011062        0.028124      598
0.011080        0.028004      599
0.011309        0.028144      600
0.011200        0.028919      601
0.011095        0.028132      602
0.011166        0.028679      603
0.010981        0.028211      604
0.011229        0.028039      605
0.011153        0.028673      606
0.011132        0.028171      607
0.011193        0.028568      608
0.011004        0.028166      609
0.011161        0.028414      610
0.010980        0.028169      611
0.011125        0.028363      612
0.010962        0.028210      613
0.011046        0.028222      614
0.011024        0.028441      615
0.011090        0.028302      616
0.010982        0.028588      617
0.010980        0.028219      618
0.010954        0.028865      619
0.011039        0.028242      620
0.011048        0.028923      621
0.010904        0.028539      622
0.010883        0.028361      623
0.011049        0.029059      624
0.010915        0.029445      625
0.010936        0.028357      626
0.010911        0.029008      627
0.010892        0.028392      628
0.011026        0.028584      629
0.010664        0.028414      630
0.010947        0.028333      631
0.011013        0.028527      632
0.010728        0.028423      633
0.010895        0.028956      634
0.010647        0.028316      635
0.010881        0.028766      636
0.010801        0.028576      637
0.010858        0.028518      638
0.010854        0.029369      639
0.010791        0.028511      640
0.010782        0.029183      641
0.010895        0.028410      642
0.010777        0.028987      643
0.010785        0.028421      644
0.010822        0.028633      645
0.010634        0.028424      646
0.010797        0.028691      647
0.010597        0.028432      648
0.010831        0.028833      649
0.010584        0.028472      650
0.010703        0.029151      651
0.010643        0.028399      652
0.010835        0.028926      653
0.010603        0.028500      654
0.010679        0.029150      655
0.010557        0.028644      656
0.010731        0.028454      657
0.010557        0.028875      658
0.010714        0.029697      659
0.010529        0.028831      660
0.010365        0.028704      661
0.010932        0.028546      662
0.010334        0.029357      663
0.010587        0.029535      664
0.010273        0.029014      665
0.010838        0.028461      666
0.010406        0.028613      667
0.010425        0.029125      668
0.010605        0.029018      669
0.010629        0.028895      670
0.010526        0.029155      671
0.010494        0.029104      672
0.010319        0.028992      673
0.010340        0.029053      674
0.010392        0.028716      675
0.010589        0.028812      676
0.010588        0.028933      677
0.010415        0.029314      678
0.010373        0.029327      679
0.010288        0.028860      680
0.010856        0.028728      681
0.010312        0.029043      682
0.010327        0.028874      683
0.010447        0.029405      684
0.010385        0.028650      685
0.010539        0.029210      686
0.010427        0.028709      687
0.010484        0.029027      688
0.010283        0.029950      689
0.010317        0.028767      690
0.010367        0.028779      691
0.010315        0.029627      692
0.010326        0.028817      693
0.010349        0.029562      694
0.010333        0.028807      695
0.010366        0.029498      696
0.010337        0.028802      697
0.010351        0.029478      698
0.010311        0.028815      699
0.010329        0.029504      700
0.010276        0.028832      701
0.010311        0.029521      702
0.010240        0.028845      703
0.010299        0.029529      704
0.010210        0.028857      705
0.010288        0.029537      706
0.010185        0.028867      707
0.010276        0.029544      708
0.010161        0.028878      709
0.010263        0.029553      710
0.010137        0.028893      711
0.010251        0.029566      712
0.010113        0.028909      713
0.010236        0.029582      714
0.010093        0.028924      715
0.010220        0.029594      716
0.010075        0.028937      717
0.010202        0.029600      718
0.010058        0.028947      719
0.010185        0.029604      720
0.010040        0.028957      721
0.010168        0.029609      722
0.010022        0.028969      723
0.010151        0.029618      724
0.010004        0.028981      725
0.010133        0.029629      726
0.009987        0.028994      727
0.010115        0.029640      728
0.009971        0.029006      729
0.010097        0.029650      730
0.009955        0.029019      731
0.010079        0.029661      732
0.009939        0.029033      733
0.010061        0.029672      734
0.009923        0.029046      735
0.010043        0.029684      736
0.009907        0.029060      737
0.010026        0.029696      738
0.009891        0.029075      739
0.010008        0.029709      740
0.009875        0.029089      741
0.009991        0.029722      742
0.009858        0.029104      743
0.009974        0.029735      744
0.009842        0.029119      745
0.009958        0.029749      746
0.009825        0.029134      747
0.009941        0.029763      748
0.009809        0.029150      749
0.009925        0.029777      750
0.009792        0.029166      751
0.009909        0.029791      752
0.009775        0.029181      753
0.009893        0.029806      754
0.009758        0.029197      755
0.009878        0.029821      756
0.009741        0.029213      757
0.009863        0.029836      758
0.009724        0.029230      759
0.009847        0.029851      760
0.009707        0.029246      761
0.009832        0.029866      762
0.009690        0.029262      763
0.009817        0.029882      764
0.009673        0.029279      765
0.009802        0.029897      766
0.009656        0.029295      767
0.009787        0.029913      768
0.009639        0.029312      769
0.009773        0.029929      770
0.009623        0.029329      771
0.009758        0.029946      772
0.009606        0.029346      773
0.009743        0.029962      774
0.009589        0.029362      775
0.009729        0.029979      776
0.009572        0.029379      777
0.009714        0.029996      778
0.009556        0.029396      779
0.009699        0.030013      780
0.009539        0.029414      781
0.009685        0.030031      782
0.009522        0.029431      783
0.009671        0.030048      784
0.009506        0.029448      785
0.009656        0.030066      786
0.009489        0.029465      787
0.009642        0.030084      788
0.009473        0.029483      789
0.009628        0.030102      790
0.009456        0.029500      791
0.009614        0.030121      792
0.009440        0.029517      793
0.009599        0.030139      794
0.009423        0.029535      795
0.009585        0.030157      796
0.009407        0.029552      797
0.009571        0.030176      798
0.009391        0.029570      799
0.009557        0.030195      800
0.009375        0.029587      801
0.009543        0.030213      802
0.009358        0.029605      803
0.009529        0.030232      804
0.009342        0.029622      805
0.009515        0.030251      806
0.009326        0.029640      807
0.009501        0.030270      808
0.009310        0.029657      809
0.009487        0.030289      810
0.009294        0.029675      811
0.009473        0.030308      812
0.009278        0.029693      813
0.009459        0.030327      814
0.009262        0.029711      815
0.009445        0.030347      816
0.009246        0.029728      817
0.009431        0.030366      818
0.009231        0.029746      819
0.009418        0.030385      820
0.009215        0.029764      821
0.009404        0.030404      822
0.009199        0.029782      823
0.009390        0.030424      824
0.009184        0.029799      825
0.009376        0.030443      826
0.009168        0.029817      827
0.009362        0.030462      828
0.009152        0.029835      829
0.009348        0.030482      830
0.009137        0.029853      831
0.009335        0.030501      832
0.009121        0.029871      833
0.009321        0.030520      834
0.009106        0.029889      835
0.009307        0.030540      836
0.009091        0.029907      837
0.009294        0.030559      838
0.009075        0.029925      839
0.009280        0.030579      840
0.009060        0.029944      841
0.009266        0.030598      842
0.009045        0.029962      843
0.009253        0.030618      844
0.009030        0.029980      845
0.009239        0.030637      846
0.009015        0.029998      847
0.009226        0.030657      848
0.008999        0.030017      849
0.009212        0.030677      850
0.008984        0.030035      851
0.009199        0.030696      852
0.008969        0.030053      853
0.009186        0.030716      854
0.008954        0.030072      855
0.009172        0.030736      856
0.008939        0.030090      857
0.009159        0.030756      858
0.008925        0.030109      859
0.009145        0.030776      860
0.008910        0.030128      861
0.009132        0.030795      862
0.008895        0.030146      863
0.009119        0.030815      864
0.008880        0.030165      865
0.009106        0.030836      866
0.008865        0.030184      867
0.009093        0.030856      868
0.008851        0.030203      869
0.009079        0.030876      870
0.008836        0.030222      871
0.009066        0.030896      872
0.008821        0.030241      873
0.009053        0.030916      874
0.008807        0.030260      875
0.009040        0.030937      876
0.008792        0.030280      877
0.009027        0.030957      878
0.008778        0.030299      879
0.009014        0.030978      880
0.008763        0.030318      881
0.009001        0.030998      882
0.008749        0.030338      883
0.008988        0.031019      884
0.008734        0.030357      885
0.008975        0.031040      886
0.008720        0.030377      887
0.008963        0.031060      888
0.008705        0.030397      889
0.008950        0.031081      890
0.008691        0.030416      891
0.008937        0.031102      892
0.008677        0.030436      893
0.008924        0.031123      894
0.008663        0.030456      895
0.008911        0.031144      896
0.008648        0.030476      897
0.008899        0.031165      898
0.008634        0.030496      899
0.008886        0.031187      900
0.008620        0.030517      901
0.008873        0.031208      902
0.008606        0.030537      903
0.008860        0.031229      904
0.008592        0.030557      905
0.008848        0.031250      906
0.008578        0.030578      907
0.008835        0.031272      908
0.008564        0.030598      909
0.008822        0.031293      910
0.008550        0.030619      911
0.008810        0.031314      912
0.008536        0.030640      913
0.008797        0.031336      914
0.008522        0.030661      915
0.008784        0.031357      916
0.008509        0.030682      917
0.008771        0.031379      918
0.008495        0.030703      919
0.008759        0.031400      920
0.008481        0.030724      921
0.008746        0.031422      922
0.008468        0.030745      923
0.008733        0.031443      924
0.008454        0.030767      925
0.008720        0.031465      926
0.008441        0.030788      927
0.008707        0.031486      928
0.008427        0.030810      929
0.008694        0.031508      930
0.008414        0.030831      931
0.008681        0.031529      932
0.008401        0.030853      933
0.008668        0.031550      934
0.008389        0.030875      935
0.008656        0.031568      936
0.008375        0.030897      937
0.008643        0.031590      938
0.008351        0.030919      939
0.008613        0.031635      940
0.008330        0.030936      941
0.008564        0.031690      942
0.008384        0.030957      943
0.008684        0.031535      944
0.008311        0.030818      945
0.008340        0.031309      946
0.008442        0.031213      947
0.008665        0.031404      948
0.008495        0.031008      949
0.008669        0.031781      950
0.008300        0.030893      951
0.008577        0.031972      952
0.008365        0.030989      953
0.008324        0.031889      954
0.008485        0.031047      955
0.008271        0.032003      956
0.008092        0.031276      957
0.008221        0.031578      958
0.008695        0.031310      959
0.008124        0.030807      960
0.008870        0.032742      961
0.008208        0.030894      962
0.008624        0.031736      963
0.008224        0.031089      964
0.008412        0.031791      965
0.008218        0.031172      966
0.008431        0.031763      967
0.008167        0.031322      968
0.008444        0.031969      969
0.008214        0.031123      970
0.008582        0.031870      971
0.008294        0.031077      972
0.008196        0.031285      973
0.008165        0.031602      974
0.008438        0.031639      975
0.008151        0.031256      976
0.008611        0.032066      977
0.008140        0.031260      978
0.008447        0.031972      979
0.008041        0.031405      980
0.008275        0.032250      981
0.008236        0.031185      982
0.008366        0.031214      983
0.008373        0.032991      984
0.008224        0.031360      985
0.008425        0.032205      986
0.008046        0.031188      987
0.008244        0.031484      988
0.008066        0.031783      989
0.008291        0.031909      990
0.008140        0.031716      991
0.008661        0.032495      992
0.007916        0.031338      993
0.008360        0.031380      994
0.008087        0.032332      995
0.008041        0.031388      996
0.008159        0.031763      997
0.008340        0.032641      998
0.007944        0.031442      999
0.008006        0.032424      1000
0.008456        0.034250      1001
0.008119        0.031693      1002
0.008021        0.031194      1003
0.008911        0.033982      1004
0.007827        0.031662      1005
0.008183        0.031658      1006
0.007916        0.032271      1007
0.008080        0.031429      1008
0.008394        0.032638      1009
0.007890        0.031448      1010
0.007952        0.032358      1011
0.008142        0.032422      1012
0.008119        0.031746      1013
0.007976        0.031344      1014
0.008160        0.032153      1015
0.008099        0.031901      1016
0.008255        0.032231      1017
0.007752        0.031957      1018
0.008160        0.031536      1019
0.007900        0.032404      1020
0.007904        0.031512      1021
0.008061        0.032528      1022
0.008301        0.032948      1023
0.007804        0.031556      1024
0.008011        0.031460      1025
0.007754        0.031544      1026
0.008364        0.034155      1027
0.007767        0.031892      1028
0.007864        0.032124      1029
0.008166        0.031474      1030
0.008380        0.033609      1031
0.007661        0.032703      1032
0.008093        0.031899      1033
0.007975        0.032189      1034
0.008374        0.033340      1035
0.007829        0.031413      1036
0.007980        0.032746      1037
0.007888        0.032442      1038
0.007933        0.032642      1039
0.007915        0.032216      1040
0.008364        0.032877      1041
0.007730        0.031453      1042
0.007827        0.032099      1043
0.007765        0.032786      1044
0.007957        0.032625      1045
0.007713        0.032343      1046
0.008126        0.032656      1047
0.007842        0.032514      1048
0.008572        0.032912      1049
0.007567        0.031814      1050
0.007779        0.031771      1051
0.007935        0.031753      1052
0.007835        0.032457      1053
0.008847        0.033738      1054
0.007465        0.031907      1055
0.007901        0.031894      1056
0.007761        0.033129      1057
0.007777        0.031946      1058
0.008361        0.034111      1059
0.007663        0.031647      1060
0.007738        0.032720      1061
0.007665        0.032808      1062
0.007813        0.032884      1063
0.007761        0.031817      1064
0.007733        0.032693      1065
0.008011        0.033992      1066
0.007655        0.031809      1067
0.007750        0.032459      1068
0.007987        0.035037      1069
0.008484        0.031870      1070
0.007515        0.031685      1071
0.007866        0.032187      1072
0.007563        0.033297      1073
0.007776        0.032589      1074
0.007520        0.033165      1075
