0.176341        0.194722      1
0.149713        0.147685      2
0.136768        0.134525      3
0.127914        0.128376      4
0.120997        0.122445      5
0.114998        0.116237      6
0.109629        0.109996      7
0.104668        0.104082      8
0.099869        0.098736      9
0.095224        0.094132      10
0.090873        0.090356      11
0.086943        0.087337      12
0.083478        0.084928      13
0.080454        0.082979      14
0.077815        0.081372      15
0.075497        0.080020      16
0.073440        0.078860      17
0.071595        0.077842      18
0.069923        0.076931      19
0.068393        0.076098      20
0.066982        0.075324      21
0.065672        0.074596      22
0.064451        0.073906      23
0.063309        0.073247      24
0.062235        0.072614      25
0.061224        0.072001      26
0.060270        0.071402      27
0.059366        0.070815      28
0.058510        0.070236      29
0.057697        0.069664      30
0.056923        0.069097      31
0.056187        0.068537      32
0.055485        0.067982      33
0.054815        0.067434      34
0.054175        0.066892      35
0.053563        0.066357      36
0.052977        0.065829      37
0.052416        0.065309      38
0.051877        0.064797      39
0.051360        0.064293      40
0.050864        0.063798      41
0.050386        0.063312      42
0.049926        0.062835      43
0.049484        0.062368      44
0.049057        0.061910      45
0.048645        0.061463      46
0.048248        0.061025      47
0.047864        0.060596      48
0.047492        0.060178      49
0.047133        0.059770      50
0.046785        0.059371      51
0.046448        0.058982      52
0.046122        0.058602      53
0.045805        0.058232      54
0.045497        0.057871      55
0.045198        0.057519      56
0.044907        0.057175      57
0.044624        0.056840      58
0.044349        0.056513      59
0.044082        0.056194      60
0.043821        0.055883      61
0.043566        0.055579      62
0.043318        0.055283      63
0.043076        0.054993      64
0.042840        0.054711      65
0.042610        0.054434      66
0.042384        0.054164      67
0.042164        0.053900      68
0.041949        0.053642      69
0.041738        0.053389      70
0.041532        0.053142      71
0.041330        0.052899      72
0.041133        0.052662      73
0.040939        0.052430      74
0.040749        0.052203      75
0.040563        0.051979      76
0.040381        0.051761      77
0.040202        0.051546      78
0.040027        0.051335      79
0.039854        0.051129      80
0.039685        0.050926      81
0.039519        0.050727      82
0.039356        0.050531      83
0.039195        0.050338      84
0.039037        0.050149      85
0.038882        0.049963      86
0.038730        0.049781      87
0.038580        0.049601      88
0.038432        0.049424      89
0.038287        0.049250      90
0.038144        0.049078      91
0.038003        0.048910      92
0.037864        0.048744      93
0.037727        0.048580      94
0.037593        0.048419      95
0.037460        0.048260      96
0.037329        0.048103      97
0.037200        0.047949      98
0.037073        0.047797      99
0.036947        0.047647      100
0.036823        0.047499      101
0.036701        0.047353      102
0.036581        0.047209      103
0.036462        0.047067      104
0.036344        0.046926      105
0.036228        0.046788      106
0.036114        0.046652      107
0.036001        0.046517      108
0.035889        0.046384      109
0.035779        0.046252      110
0.035670        0.046123      111
0.035562        0.045995      112
0.035455        0.045868      113
0.035350        0.045743      114
0.035246        0.045620      115
0.035143        0.045498      116
0.035042        0.045378      117
0.034941        0.045259      118
0.034842        0.045141      119
0.034743        0.045025      120
0.034646        0.044910      121
0.034550        0.044797      122
0.034455        0.044685      123
0.034361        0.044574      124
0.034267        0.044464      125
0.034175        0.044356      126
0.034084        0.044249      127
0.033994        0.044143      128
0.033904        0.044038      129
0.033816        0.043934      130
0.033728        0.043832      131
0.033642        0.043730      132
0.033556        0.043630      133
0.033471        0.043531      134
0.033386        0.043433      135
0.033303        0.043336      136
0.033220        0.043240      137
0.033138        0.043145      138
0.033057        0.043051      139
0.032977        0.042958      140
0.032897        0.042866      141
0.032818        0.042775      142
0.032740        0.042685      143
0.032663        0.042596      144
0.032586        0.042508      145
0.032510        0.042421      146
0.032434        0.042335      147
0.032359        0.042249      148
0.032285        0.042165      149
0.032212        0.042081      150
0.032139        0.041998      151
0.032067        0.041917      152
0.031995        0.041836      153
0.031924        0.041756      154
0.031854        0.041676      155
0.031784        0.041598      156
0.031715        0.041520      157
0.031646        0.041443      158
0.031578        0.041367      159
0.031510        0.041292      160
0.031443        0.041218      161
0.031377        0.041144      162
0.031311        0.041071      163
0.031245        0.040999      164
0.031181        0.040927      165
0.031116        0.040857      166
0.031052        0.040787      167
0.030989        0.040717      168
0.030926        0.040649      169
0.030864        0.040581      170
0.030802        0.040514      171
0.030740        0.040447      172
0.030679        0.040382      173
0.030619        0.040316      174
0.030559        0.040252      175
0.030499        0.040188      176
0.030440        0.040125      177
0.030381        0.040062      178
0.030323        0.040001      179
0.030265        0.039939      180
0.030208        0.039879      181
0.030151        0.039819      182
0.030094        0.039759      183
0.030038        0.039700      184
0.029982        0.039642      185
0.029927        0.039584      186
0.029871        0.039527      187
0.029817        0.039471      188
0.029763        0.039415      189
0.029709        0.039359      190
0.029655        0.039304      191
0.029602        0.039250      192
0.029549        0.039196      193
0.029497        0.039143      194
0.029445        0.039090      195
0.029393        0.039038      196
0.029342        0.038986      197
0.029291        0.038935      198
0.029240        0.038884      199
0.029190        0.038834      200
0.029140        0.038784      201
0.029090        0.038735      202
0.029041        0.038686      203
0.028992        0.038638      204
0.028943        0.038590      205
0.028895        0.038542      206
0.028846        0.038495      207
0.028799        0.038449      208
0.028751        0.038403      209
0.028704        0.038357      210
0.028657        0.038312      211
0.028610        0.038267      212
0.028564        0.038223      213
0.028518        0.038179      214
0.028472        0.038135      215
0.028427        0.038092      216
0.028382        0.038049      217
0.028337        0.038006      218
0.028292        0.037964      219
0.028248        0.037923      220
0.028203        0.037881      221
0.028160        0.037840      222
0.028116        0.037800      223
0.028073        0.037760      224
0.028029        0.037720      225
0.027987        0.037680      226
0.027944        0.037641      227
0.027902        0.037602      228
0.027859        0.037564      229
0.027818        0.037525      230
0.027776        0.037487      231
0.027734        0.037450      232
0.027693        0.037413      233
0.027652        0.037376      234
0.027611        0.037339      235
0.027571        0.037303      236
0.027531        0.037267      237
0.027490        0.037231      238
0.027450        0.037195      239
0.027411        0.037160      240
0.027371        0.037125      241
0.027332        0.037091      242
0.027293        0.037056      243
0.027254        0.037022      244
0.027215        0.036988      245
0.027177        0.036955      246
0.027139        0.036921      247
0.027101        0.036888      248
0.027063        0.036855      249
0.027025        0.036823      250
0.026988        0.036790      251
0.026950        0.036758      252
0.026913        0.036726      253
0.026876        0.036695      254
0.026840        0.036663      255
0.026803        0.036632      256
0.026767        0.036601      257
0.026730        0.036570      258
0.026694        0.036540      259
0.026658        0.036509      260
0.026623        0.036479      261
0.026587        0.036449      262
0.026552        0.036419      263
0.026517        0.036390      264
0.026482        0.036360      265
0.026447        0.036331      266
0.026412        0.036302      267
0.026377        0.036273      268
0.026343        0.036244      269
0.026309        0.036216      270
0.026275        0.036188      271
0.026241        0.036159      272
0.026207        0.036131      273
0.026173        0.036104      274
0.026140        0.036076      275
0.026107        0.036049      276
0.026073        0.036021      277
0.026040        0.035994      278
0.026007        0.035967      279
0.025975        0.035940      280
0.025942        0.035913      281
0.025910        0.035887      282
0.025877        0.035860      283
0.025845        0.035834      284
0.025813        0.035808      285
0.025781        0.035782      286
0.025749        0.035756      287
0.025718        0.035730      288
0.025686        0.035705      289
0.025655        0.035679      290
0.025624        0.035654      291
0.025592        0.035628      292
0.025561        0.035603      293
0.025530        0.035578      294
0.025500        0.035553      295
0.025469        0.035529      296
0.025439        0.035504      297
0.025408        0.035480      298
0.025378        0.035455      299
0.025348        0.035431      300
0.025318        0.035407      301
0.025288        0.035383      302
0.025258        0.035359      303
0.025228        0.035335      304
0.025199        0.035311      305
0.025169        0.035287      306
0.025140        0.035264      307
0.025111        0.035240      308
0.025082        0.035217      309
0.025053        0.035194      310
0.025024        0.035170      311
0.024995        0.035147      312
0.024966        0.035124      313
0.024938        0.035101      314
0.024909        0.035078      315
0.024881        0.035056      316
0.024853        0.035033      317
0.024825        0.035010      318
0.024797        0.034988      319
0.024769        0.034966      320
0.024741        0.034943      321
0.024713        0.034921      322
0.024685        0.034899      323
0.024658        0.034877      324
0.024630        0.034855      325
0.024603        0.034833      326
0.024576        0.034811      327
0.024549        0.034789      328
0.024522        0.034767      329
0.024495        0.034746      330
0.024468        0.034724      331
0.024441        0.034703      332
0.024414        0.034681      333
0.024388        0.034660      334
0.024361        0.034638      335
0.024335        0.034617      336
0.024309        0.034596      337
0.024282        0.034575      338
0.024256        0.034554      339
0.024230        0.034533      340
0.024204        0.034512      341
0.024179        0.034491      342
0.024153        0.034470      343
0.024127        0.034449      344
0.024101        0.034429      345
0.024076        0.034408      346
0.024051        0.034387      347
0.024025        0.034367      348
0.024000        0.034346      349
0.023975        0.034326      350
0.023950        0.034305      351
0.023925        0.034285      352
0.023900        0.034265      353
0.023875        0.034245      354
0.023850        0.034224      355
0.023825        0.034204      356
0.023801        0.034184      357
0.023776        0.034164      358
0.023752        0.034144      359
0.023727        0.034124      360
0.023703        0.034104      361
0.023679        0.034084      362
0.023655        0.034065      363
0.023631        0.034045      364
0.023607        0.034025      365
0.023583        0.034005      366
0.023559        0.033986      367
0.023535        0.033966      368
0.023511        0.033947      369
0.023488        0.033927      370
0.023464        0.033908      371
0.023441        0.033888      372
0.023417        0.033869      373
0.023394        0.033850      374
0.023371        0.033830      375
0.023348        0.033811      376
0.023324        0.033792      377
0.023301        0.033773      378
0.023278        0.033754      379
0.023255        0.033734      380
0.023233        0.033715      381
0.023210        0.033696      382
0.023187        0.033677      383
0.023164        0.033658      384
0.023142        0.033640      385
0.023119        0.033621      386
0.023097        0.033602      387
0.023075        0.033583      388
0.023052        0.033564      389
0.023030        0.033546      390
0.023008        0.033527      391
0.022986        0.033508      392
0.022964        0.033490      393
0.022942        0.033471      394
0.022920        0.033452      395
0.022898        0.033434      396
0.022876        0.033415      397
0.022854        0.033397      398
0.022833        0.033379      399
0.022811        0.033360      400
0.022789        0.033342      401
0.022768        0.033323      402
0.022747        0.033305      403
0.022725        0.033287      404
0.022704        0.033269      405
0.022683        0.033251      406
0.022661        0.033232      407
0.022640        0.033214      408
0.022619        0.033196      409
0.022598        0.033178      410
0.022577        0.033160      411
0.022556        0.033142      412
0.022535        0.033124      413
0.022515        0.033106      414
0.022494        0.033088      415
0.022473        0.033070      416
0.022453        0.033053      417
0.022432        0.033035      418
0.022412        0.033017      419
0.022391        0.032999      420
0.022371        0.032981      421
0.022350        0.032964      422
0.022330        0.032946      423
0.022310        0.032928      424
0.022290        0.032911      425
0.022270        0.032893      426
0.022250        0.032876      427
0.022230        0.032858      428
0.022210        0.032841      429
0.022190        0.032823      430
0.022170        0.032806      431
0.022150        0.032788      432
0.022130        0.032771      433
0.022111        0.032754      434
0.022091        0.032736      435
0.022071        0.032719      436
0.022052        0.032702      437
0.022032        0.032685      438
0.022013        0.032668      439
0.021993        0.032650      440
0.021974        0.032633      441
0.021955        0.032616      442
0.021935        0.032599      443
0.021916        0.032582      444
0.021897        0.032565      445
0.021878        0.032548      446
0.021859        0.032531      447
0.021840        0.032514      448
0.021821        0.032497      449
0.021802        0.032480      450
0.021783        0.032463      451
0.021764        0.032446      452
0.021746        0.032430      453
0.021727        0.032413      454
0.021708        0.032396      455
0.021690        0.032379      456
0.021671        0.032363      457
0.021653        0.032346      458
0.021634        0.032329      459
0.021616        0.032313      460
0.021597        0.032296      461
0.021579        0.032280      462
0.021561        0.032263      463
0.021542        0.032247      464
0.021524        0.032230      465
0.021506        0.032214      466
0.021488        0.032197      467
0.021470        0.032181      468
0.021452        0.032164      469
0.021434        0.032148      470
0.021416        0.032132      471
0.021398        0.032115      472
0.021380        0.032099      473
0.021362        0.032083      474
0.021344        0.032067      475
0.021327        0.032050      476
0.021309        0.032034      477
0.021291        0.032018      478
0.021274        0.032002      479
0.021256        0.031986      480
0.021239        0.031970      481
0.021221        0.031954      482
0.021204        0.031937      483
0.021186        0.031921      484
0.021169        0.031905      485
0.021152        0.031890      486
0.021134        0.031874      487
0.021117        0.031858      488
0.021100        0.031842      489
0.021083        0.031826      490
0.021066        0.031810      491
0.021049        0.031794      492
0.021031        0.031778      493
0.021014        0.031763      494
0.020998        0.031747      495
0.020981        0.031731      496
0.020964        0.031715      497
0.020947        0.031700      498
0.020930        0.031684      499
0.020913        0.031668      500
0.020897        0.031653      501
0.020880        0.031637      502
0.020863        0.031622      503
0.020847        0.031606      504
0.020830        0.031591      505
0.020814        0.031575      506
0.020797        0.031560      507
0.020781        0.031544      508
0.020764        0.031529      509
0.020748        0.031513      510
0.020731        0.031498      511
0.020715        0.031482      512
0.020699        0.031467      513
0.020683        0.031452      514
0.020666        0.031436      515
0.020650        0.031421      516
0.020634        0.031406      517
0.020618        0.031391      518
0.020602        0.031375      519
0.020586        0.031360      520
0.020570        0.031345      521
0.020554        0.031330      522
0.020538        0.031315      523
0.020522        0.031300      524
0.020506        0.031284      525
0.020490        0.031269      526
0.020475        0.031254      527
0.020459        0.031239      528
0.020443        0.031224      529
0.020428        0.031209      530
0.020412        0.031194      531
0.020396        0.031179      532
0.020381        0.031164      533
0.020365        0.031150      534
0.020350        0.031135      535
0.020334        0.031120      536
0.020319        0.031105      537
0.020303        0.031090      538
0.020288        0.031075      539
0.020273        0.031060      540
0.020257        0.031046      541
0.020242        0.031031      542
0.020227        0.031016      543
0.020212        0.031002      544
0.020196        0.030987      545
0.020181        0.030972      546
0.020166        0.030958      547
0.020151        0.030943      548
0.020136        0.030928      549
0.020121        0.030914      550
0.020106        0.030899      551
0.020091        0.030885      552
0.020076        0.030870      553
0.020061        0.030856      554
0.020046        0.030841      555
0.020032        0.030827      556
0.020017        0.030812      557
0.020002        0.030798      558
0.019987        0.030783      559
0.019973        0.030769      560
0.019958        0.030754      561
0.019943        0.030740      562
0.019929        0.030726      563
0.019914        0.030711      564
0.019900        0.030697      565
0.019885        0.030683      566
0.019871        0.030669      567
0.019856        0.030654      568
0.019842        0.030640      569
0.019827        0.030626      570
0.019813        0.030612      571
0.019798        0.030598      572
0.019784        0.030583      573
0.019770        0.030569      574
0.019756        0.030555      575
0.019741        0.030541      576
0.019727        0.030527      577
0.019713        0.030513      578
0.019699        0.030499      579
0.019685        0.030485      580
0.019671        0.030471      581
0.019657        0.030457      582
0.019643        0.030443      583
0.019629        0.030429      584
0.019615        0.030415      585
0.019601        0.030401      586
0.019587        0.030387      587
0.019573        0.030374      588
0.019559        0.030360      589
0.019545        0.030346      590
0.019531        0.030332      591
0.019518        0.030318      592
0.019504        0.030305      593
0.019490        0.030291      594
0.019476        0.030277      595
0.019463        0.030263      596
0.019449        0.030250      597
0.019435        0.030236      598
0.019422        0.030222      599
0.019408        0.030209      600
0.019395        0.030195      601
0.019381        0.030181      602
0.019368        0.030168      603
0.019354        0.030154      604
0.019341        0.030141      605
0.019328        0.030127      606
0.019314        0.030114      607
0.019301        0.030100      608
0.019287        0.030087      609
0.019274        0.030073      610
0.019261        0.030060      611
0.019248        0.030047      612
0.019234        0.030033      613
0.019221        0.030020      614
0.019208        0.030007      615
0.019195        0.029993      616
0.019182        0.029980      617
0.019169        0.029967      618
0.019156        0.029953      619
0.019143        0.029940      620
0.019129        0.029927      621
0.019116        0.029914      622
0.019104        0.029900      623
0.019091        0.029887      624
0.019078        0.029874      625
0.019065        0.029861      626
0.019052        0.029848      627
0.019039        0.029835      628
0.019026        0.029822      629
0.019013        0.029809      630
0.019001        0.029796      631
0.018988        0.029783      632
0.018975        0.029770      633
0.018962        0.029757      634
0.018950        0.029744      635
0.018937        0.029731      636
0.018924        0.029718      637
0.018912        0.029705      638
0.018899        0.029692      639
0.018887        0.029679      640
0.018874        0.029667      641
0.018862        0.029654      642
0.018849        0.029641      643
0.018837        0.029628      644
0.018824        0.029615      645
0.018812        0.029603      646
0.018799        0.029590      647
0.018787        0.029577      648
0.018775        0.029565      649
0.018762        0.029552      650
0.018750        0.029539      651
0.018738        0.029527      652
0.018725        0.029514      653
0.018713        0.029502      654
0.018701        0.029489      655
0.018689        0.029477      656
0.018676        0.029464      657
0.018664        0.029452      658
0.018652        0.029439      659
0.018640        0.029427      660
0.018628        0.029414      661
0.018616        0.029402      662
0.018604        0.029389      663
0.018592        0.029377      664
0.018580        0.029365      665
0.018568        0.029352      666
0.018556        0.029340      667
0.018544        0.029328      668
0.018532        0.029316      669
0.018520        0.029303      670
0.018508        0.029291      671
0.018496        0.029279      672
0.018484        0.029267      673
0.018472        0.029255      674
0.018461        0.029243      675
0.018449        0.029231      676
0.018437        0.029219      677
0.018425        0.029206      678
0.018414        0.029194      679
0.018402        0.029182      680
0.018390        0.029170      681
0.018379        0.029158      682
0.018367        0.029147      683
0.018355        0.029135      684
0.018344        0.029123      685
0.018332        0.029111      686
0.018321        0.029099      687
0.018309        0.029087      688
0.018298        0.029075      689
0.018286        0.029064      690
0.018275        0.029052      691
0.018263        0.029040      692
0.018252        0.029028      693
0.018240        0.029017      694
0.018229        0.029005      695
0.018217        0.028993      696
0.018206        0.028982      697
0.018195        0.028970      698
0.018183        0.028959      699
0.018172        0.028947      700
0.018161        0.028935      701
0.018149        0.028924      702
0.018138        0.028912      703
0.018127        0.028901      704
0.018116        0.028890      705
0.018105        0.028878      706
0.018093        0.028867      707
0.018082        0.028855      708
0.018071        0.028844      709
0.018060        0.028833      710
0.018049        0.028821      711
0.018038        0.028810      712
0.018027        0.028799      713
0.018016        0.028788      714
0.018005        0.028776      715
0.017994        0.028765      716
0.017983        0.028754      717
0.017972        0.028743      718
0.017961        0.028732      719
0.017950        0.028721      720
0.017939        0.028710      721
0.017928        0.028699      722
0.017917        0.028688      723
0.017906        0.028677      724
0.017895        0.028666      725
0.017884        0.028655      726
0.017874        0.028644      727
0.017863        0.028633      728
0.017852        0.028622      729
0.017841        0.028611      730
0.017830        0.028600      731
0.017820        0.028589      732
0.017809        0.028579      733
0.017798        0.028568      734
0.017788        0.028557      735
0.017777        0.028546      736
0.017766        0.028536      737
0.017756        0.028525      738
0.017745        0.028514      739
0.017734        0.028504      740
0.017724        0.028493      741
0.017713        0.028483      742
0.017703        0.028472      743
0.017692        0.028462      744
0.017682        0.028451      745
0.017671        0.028441      746
0.017661        0.028430      747
0.017650        0.028420      748
0.017640        0.028409      749
0.017629        0.028399      750
0.017619        0.028389      751
0.017608        0.028378      752
0.017598        0.028368      753
0.017588        0.028358      754
0.017577        0.028347      755
0.017567        0.028337      756
0.017556        0.028327      757
0.017546        0.028317      758
0.017536        0.028306      759
0.017526        0.028296      760
0.017515        0.028286      761
0.017505        0.028276      762
0.017495        0.028266      763
0.017485        0.028256      764
0.017474        0.028246      765
0.017464        0.028236      766
0.017454        0.028226      767
0.017444        0.028216      768
0.017434        0.028206      769
0.017423        0.028196      770
0.017413        0.028186      771
0.017403        0.028176      772
0.017393        0.028166      773
0.017383        0.028157      774
0.017373        0.028147      775
0.017363        0.028137      776
0.017353        0.028127      777
0.017343        0.028118      778
0.017333        0.028108      779
0.017323        0.028098      780
0.017313        0.028088      781
0.017303        0.028079      782
0.017293        0.028069      783
0.017283        0.028060      784
0.017273        0.028050      785
0.017263        0.028040      786
0.017253        0.028031      787
0.017243        0.028021      788
0.017234        0.028012      789
0.017224        0.028002      790
0.017214        0.027993      791
0.017204        0.027984      792
0.017194        0.027974      793
0.017184        0.027965      794
0.017175        0.027955      795
0.017165        0.027946      796
0.017155        0.027937      797
0.017145        0.027928      798
0.017136        0.027918      799
0.017126        0.027909      800
0.017116        0.027900      801
0.017106        0.027891      802
0.017097        0.027881      803
0.017087        0.027872      804
0.017077        0.027863      805
0.017068        0.027854      806
0.017058        0.027845      807
0.017049        0.027836      808
0.017039        0.027827      809
0.017029        0.027818      810
0.017020        0.027809      811
0.017010        0.027800      812
0.017001        0.027791      813
0.016991        0.027782      814
0.016982        0.027773      815
0.016972        0.027764      816
0.016963        0.027755      817
0.016953        0.027746      818
0.016944        0.027738      819
0.016934        0.027729      820
0.016925        0.027720      821
0.016915        0.027711      822
0.016906        0.027702      823
0.016896        0.027694      824
0.016887        0.027685      825
0.016878        0.027676      826
0.016868        0.027668      827
0.016859        0.027659      828
0.016849        0.027650      829
0.016840        0.027642      830
0.016831        0.027633      831
0.016821        0.027625      832
0.016812        0.027616      833
0.016803        0.027608      834
0.016794        0.027599      835
0.016784        0.027591      836
0.016775        0.027582      837
0.016766        0.027574      838
0.016757        0.027565      839
0.016747        0.027557      840
0.016738        0.027549      841
0.016729        0.027540      842
0.016720        0.027532      843
0.016711        0.027524      844
0.016701        0.027515      845
0.016692        0.027507      846
0.016683        0.027499      847
0.016674        0.027491      848
0.016665        0.027482      849
0.016656        0.027474      850
0.016647        0.027466      851
0.016637        0.027458      852
0.016628        0.027450      853
0.016619        0.027442      854
0.016610        0.027434      855
0.016601        0.027426      856
0.016592        0.027417      857
0.016583        0.027409      858
0.016574        0.027401      859
0.016565        0.027393      860
0.016556        0.027386      861
0.016547        0.027378      862
0.016538        0.027370      863
0.016529        0.027362      864
0.016520        0.027354      865
0.016511        0.027346      866
0.016502        0.027338      867
0.016494        0.027330      868
0.016485        0.027323      869
0.016476        0.027315      870
0.016467        0.027307      871
0.016458        0.027299      872
0.016449        0.027292      873
0.016440        0.027284      874
0.016431        0.027276      875
0.016423        0.027269      876
0.016414        0.027261      877
0.016405        0.027253      878
0.016396        0.027246      879
0.016387        0.027238      880
0.016379        0.027231      881
0.016370        0.027223      882
0.016361        0.027216      883
0.016352        0.027208      884
0.016344        0.027201      885
0.016335        0.027193      886
0.016326        0.027186      887
0.016317        0.027178      888
0.016309        0.027171      889
0.016300        0.027163      890
0.016291        0.027156      891
0.016283        0.027149      892
0.016274        0.027141      893
0.016265        0.027134      894
0.016257        0.027127      895
0.016248        0.027120      896
0.016240        0.027112      897
0.016231        0.027105      898
0.016222        0.027098      899
0.016214        0.027091      900
0.016205        0.027084      901
0.016197        0.027076      902
0.016188        0.027069      903
0.016179        0.027062      904
0.016171        0.027055      905
0.016162        0.027048      906
0.016154        0.027041      907
0.016145        0.027034      908
0.016137        0.027027      909
0.016128        0.027020      910
0.016120        0.027013      911
0.016111        0.027006      912
0.016103        0.026999      913
0.016094        0.026992      914
0.016086        0.026985      915
0.016078        0.026978      916
0.016069        0.026971      917
0.016061        0.026965      918
0.016052        0.026958      919
0.016044        0.026951      920
0.016036        0.026944      921
0.016027        0.026937      922
0.016019        0.026931      923
0.016010        0.026924      924
0.016002        0.026917      925
0.015994        0.026910      926
0.015985        0.026904      927
0.015977        0.026897      928
0.015969        0.026890      929
0.015960        0.026884      930
0.015952        0.026877      931
0.015944        0.026871      932
0.015936        0.026864      933
0.015927        0.026858      934
0.015919        0.026851      935
0.015911        0.026845      936
0.015902        0.026838      937
0.015894        0.026832      938
0.015886        0.026825      939
0.015878        0.026819      940
0.015870        0.026812      941
0.015861        0.026806      942
0.015853        0.026799      943
0.015845        0.026793      944
0.015837        0.026787      945
0.015829        0.026780      946
0.015820        0.026774      947
0.015812        0.026768      948
0.015804        0.026762      949
0.015796        0.026755      950
0.015788        0.026749      951
0.015780        0.026743      952
0.015772        0.026737      953
0.015764        0.026730      954
0.015755        0.026724      955
0.015747        0.026718      956
0.015739        0.026712      957
0.015731        0.026706      958
0.015723        0.026700      959
0.015715        0.026694      960
0.015707        0.026688      961
0.015699        0.026682      962
0.015691        0.026676      963
0.015683        0.026670      964
0.015675        0.026664      965
0.015667        0.026658      966
0.015659        0.026652      967
0.015651        0.026646      968
0.015643        0.026640      969
0.015635        0.026634      970
0.015627        0.026628      971
0.015619        0.026622      972
0.015611        0.026616      973
0.015603        0.026611      974
0.015595        0.026605      975
0.015587        0.026599      976
0.015579        0.026593      977
0.015572        0.026587      978
0.015564        0.026582      979
0.015556        0.026576      980
0.015548        0.026570      981
0.015540        0.026565      982
0.015532        0.026559      983
0.015524        0.026553      984
0.015516        0.026548      985
0.015509        0.026542      986
0.015501        0.026536      987
0.015493        0.026531      988
0.015485        0.026525      989
0.015477        0.026520      990
0.015469        0.026514      991
0.015462        0.026509      992
0.015454        0.026503      993
0.015446        0.026498      994
0.015438        0.026492      995
0.015431        0.026487      996
0.015423        0.026481      997
0.015415        0.026476      998
0.015407        0.026470      999
0.015400        0.026465      1000
