0.702575        0.695472      1
0.190763        0.187702      2
0.190750        0.187690      3
0.190734        0.187676      4
0.190713        0.187659      5
0.190681        0.187635      6
0.190607        0.187594      7
0.190644        0.187477      8
0.190334        0.187618      9
0.191243        0.185466      10
0.190743        0.187682      11
0.190719        0.187666      12
0.190657        0.187632      13
0.192375        0.187527      14
0.190738        0.187683      15
0.190689        0.187657      16
0.190491        0.187579      17
0.190589        0.187145      18
0.188957        0.187559      19
0.187692        0.187834      20
0.189981        0.191675      21
0.191385        0.182531      22
0.190709        0.187666      23
0.190600        0.187603      24
0.189732        0.187495      25
0.190471        0.187564      26
0.188944        0.186890      27
0.191878        0.184389      28
0.190303        0.186008      29
0.185374        0.187534      30
0.150823        0.162227      31
0.139376        0.142774      32
0.131674        0.123159      33
0.125868        0.115992      34
0.121686        0.105629      35
0.117143        0.101661      36
0.114163        0.098786      37
0.111312        0.100311      38
0.108557        0.114067      39
0.104834        0.084168      40
0.101215        0.080514      41
0.099181        0.084222      42
0.093059        0.084223      43
0.090128        0.089854      44
0.089292        0.090326      45
0.088959        0.089130      46
0.084079        0.083040      47
0.081255        0.083496      48
0.079285        0.080826      49
0.078291        0.078975      50
0.076689        0.080603      51
0.075945        0.083320      52
0.074656        0.079488      53
0.072059        0.066482      54
0.070086        0.059499      55
0.070191        0.059644      56
0.069034        0.059833      57
0.068384        0.059395      58
0.067414        0.058298      59
0.066355        0.056339      60
0.065336        0.054490      61
0.064855        0.053220      62
0.064094        0.052515      63
0.062007        0.051779      64
0.061075        0.051699      65
0.061637        0.052126      66
0.060985        0.053573      67
0.060267        0.058583      68
0.059875        0.068603      69
0.059100        0.077831      70
0.058610        0.080416      71
0.057686        0.068426      72
0.056877        0.056772      73
0.056245        0.052147      74
0.055670        0.050083      75
0.055127        0.048683      76
0.054558        0.047397      77
0.053930        0.046212      78
0.053196        0.045174      79
0.052306        0.044421      80
0.051582        0.043902      81
0.050441        0.043280      82
0.049558        0.042375      83
0.048867        0.041234      84
0.048510        0.040639      85
0.047999        0.040311      86
0.047472        0.040047      87
0.046976        0.039840      88
0.046503        0.039651      89
0.046036        0.039477      90
0.045565        0.039335      91
0.045092        0.039261      92
0.044596        0.039364      93
0.043943        0.039945      94
0.043740        0.043908      95
0.044207        0.049355      96
0.043691        0.047129      97
0.043111        0.041725      98
0.042466        0.039179      99
0.042243        0.038299      100
0.041939        0.038047      101
0.041592        0.038076      102
0.041242        0.038220      103
0.040902        0.038392      104
0.040577        0.038548      105
0.040267        0.038665      106
0.039972        0.038728      107
0.039691        0.038731      108
0.039429        0.038679      109
0.039204        0.038589      110
0.039039        0.038496      111
0.038878        0.038440      112
0.038680        0.038361      113
0.038461        0.038177      114
0.038226        0.037915      115
0.037990        0.037616      116
0.037757        0.037320      117
0.037525        0.037055      118
0.037295        0.036830      119
0.037066        0.036639      120
0.036843        0.036476      121
0.036631        0.036331      122
0.036425        0.036196      123
0.036220        0.036071      124
0.036428        0.035987      125
0.037350        0.035908      126
0.037284        0.037094      127
0.035530        0.035844      128
0.036084        0.038148      129
0.035449        0.036353      130
0.035418        0.037655      131
0.036322        0.040648      132
0.035632        0.036577      133
0.034456        0.036328      134
0.034562        0.036299      135
0.034193        0.035545      136
0.033815        0.036075      137
0.035007        0.038420      138
0.034564        0.038850      139
0.036487        0.039280      140
0.035970        0.035419      141
0.035795        0.034969      142
0.035301        0.034877      143
0.034501        0.034911      144
0.033894        0.034948      145
0.033681        0.035028      146
0.033639        0.035187      147
0.033590        0.035226      148
0.033569        0.035290      149
0.033594        0.035430      150
0.033661        0.035660      151
0.033616        0.035948      152
0.033406        0.036168      153
0.033132        0.036317      154
0.032880        0.036480      155
0.032677        0.036669      156
0.032519        0.036857      157
0.032391        0.037020      158
0.032280        0.037147      159
0.032178        0.037234      160
0.032082        0.037280      161
0.031991        0.037283      162
0.031905        0.037240      163
0.031823        0.037152      164
0.031745        0.037022      165
0.031670        0.036854      166
0.031596        0.036657      167
0.031523        0.036437      168
0.031451        0.036201      169
0.031381        0.035955      170
0.031323        0.035700      171
0.031304        0.035439      172
0.031602        0.035161      173
0.032305        0.034763      174
0.031624        0.034253      175
0.030648        0.034312      176
0.030879        0.034442      177
0.030737        0.034206      178
0.030680        0.034103      179
0.030618        0.033968      180
0.030692        0.033833      181
0.031905        0.033653      182
0.030874        0.033085      183
0.030333        0.033141      184
0.030337        0.033167      185
0.030227        0.033108      186
0.030187        0.033068      187
0.031093        0.033005      188
0.030327        0.032616      189
0.029786        0.032622      190
0.029772        0.032762      191
0.029761        0.032623      192
0.029661        0.032584      193
0.029606        0.032550      194
0.030266        0.032550      195
0.030428        0.032198      196
0.029797        0.032128      197
0.029953        0.032196      198
0.029621        0.032038      199
0.028775        0.032059      200
0.029761        0.031907      201
0.029255        0.031699      202
0.029500        0.031603      203
0.029604        0.031532      204
0.029540        0.033891      205
0.029744        0.031433      206
0.029126        0.035688      207
0.029303        0.036252      208
0.029139        0.031723      209
0.028701        0.032055      210
0.028679        0.036769      211
0.029977        0.031657      212
0.028347        0.041545      213
0.029464        0.032010      214
0.028480        0.031280      215
0.028987        0.042522      216
0.028664        0.032642      217
0.028826        0.033031      218
0.028816        0.032204      219
0.028482        0.042240      220
0.028728        0.032215      221
0.028232        0.041660      222
0.028746        0.032284      223
0.027873        0.041710      224
0.028683        0.032447      225
0.028109        0.041395      226
0.028651        0.032525      227
0.027607        0.039629      228
0.028226        0.032421      229
0.027930        0.041188      230
0.028295        0.032454      231
0.027458        0.039835      232
0.027920        0.031659      233
0.027986        0.039516      234
0.028077        0.032351      235
0.028732        0.040752      236
0.027916        0.030863      237
0.027606        0.031034      238
0.027677        0.040378      239
0.027926        0.030897      240
0.028308        0.037589      241
0.027676        0.030783      242
0.027021        0.030466      243
0.026744        0.031162      244
0.026839        0.030657      245
0.027747        0.042037      246
0.028160        0.030596      247
0.027139        0.037778      248
0.028373        0.039240      249
0.027140        0.030488      250
0.027043        0.039056      251
0.027225        0.030275      252
0.026635        0.036765      253
0.028142        0.037219      254
0.026804        0.030417      255
0.026213        0.030228      256
0.027043        0.031031      257
0.026846        0.030022      258
0.026272        0.029614      259
0.027268        0.029676      260
0.026140        0.030261      261
0.026829        0.029377      262
0.026041        0.036035      263
0.026123        0.035740      264
0.028079        0.029186      265
0.026782        0.029771      266
0.025743        0.029698      267
0.025757        0.029184      268
0.025575        0.029159      269
0.025979        0.029088      270
0.026546        0.031920      271
0.025993        0.033736      272
0.026799        0.032089      273
0.026172        0.029637      274
0.025797        0.033764      275
0.027326        0.029734      276
0.025625        0.029394      277
0.026032        0.029741      278
0.025801        0.028884      279
0.025373        0.028758      280
0.026225        0.028740      281
0.025326        0.029224      282
0.026032        0.028609      283
0.025492        0.028623      284
0.025998        0.029034      285
0.025129        0.028575      286
0.025504        0.028570      287
0.025157        0.029306      288
0.024627        0.034723      289
0.026246        0.029337      290
0.025269        0.029111      291
0.025128        0.028440      292
0.025457        0.028458      293
0.024573        0.028433      294
0.025903        0.028374      295
0.024234        0.028851      296
0.025261        0.030906      297
0.025151        0.028349      298
0.024919        0.028363      299
0.024754        0.028382      300
0.024619        0.028402      301
0.024502        0.028421      302
0.024331        0.028434      303
0.024058        0.028436      304
0.025907        0.028488      305
0.023900        0.028123      306
0.024018        0.029497      307
0.024760        0.028823      308
0.025252        0.028289      309
0.024006        0.028319      310
0.023627        0.028115      311
0.024834        0.032822      312
0.025500        0.028462      313
0.023618        0.027990      314
0.023938        0.028378      315
0.024274        0.028101      316
0.025098        0.028210      317
0.023510        0.027910      318
0.024647        0.027877      319
0.023728        0.028120      320
0.024453        0.027957      321
0.023692        0.028074      322
0.024070        0.027928      323
0.023680        0.028023      324
0.024057        0.027910      325
0.023568        0.027992      326
0.024135        0.027851      327
0.023445        0.027945      328
0.023945        0.027757      329
0.023424        0.027873      330
0.023812        0.027693      331
0.023376        0.027826      332
0.023679        0.027647      333
0.023317        0.027796      334
0.023241        0.027630      335
0.023416        0.031516      336
0.023351        0.027699      337
0.023502        0.027942      338
0.023333        0.027805      339
0.023200        0.027975      340
0.023818        0.028147      341
0.023731        0.027587      342
0.023263        0.027686      343
0.023512        0.027634      344
0.022785        0.027690      345
0.022768        0.027668      346
0.022552        0.027627      347
0.022537        0.027620      348
0.023198        0.028877      349
0.023083        0.027705      350
0.023012        0.027414      351
0.022807        0.027415      352
0.022612        0.027459      353
0.023678        0.027508      354
0.022897        0.027363      355
0.022475        0.027626      356
0.022224        0.027585      357
0.022116        0.027551      358
0.022302        0.027521      359
0.022397        0.031630      360
0.022790        0.028273      361
0.022733        0.027790      362
0.022533        0.027306      363
0.022454        0.027452      364
0.022157        0.027379      365
0.023640        0.027476      366
0.022650        0.027280      367
0.022066        0.027509      368
0.021858        0.027459      369
0.021781        0.027421      370
0.021941        0.027374      371
0.021914        0.030827      372
0.022894        0.027275      373
0.022370        0.030061      374
0.022053        0.027682      375
0.021778        0.027435      376
0.021575        0.027269      377
0.021724        0.027731      378
0.022250        0.027292      379
0.022104        0.027229      380
0.021834        0.027520      381
0.022137        0.027125      382
0.021924        0.027547      383
0.022300        0.027434      384
0.022137        0.027344      385
0.021531        0.027254      386
0.022212        0.027225      387
0.021747        0.029716      388
0.021623        0.028782      389
0.021556        0.027821      390
0.022228        0.027058      391
0.021795        0.027085      392
0.021413        0.027104      393
0.021076        0.027104      394
0.022276        0.035156      395
0.021009        0.028860      396
0.021380        0.027075      397
0.021631        0.029585      398
0.021730        0.027059      399
0.021581        0.029436      400
0.021789        0.027056      401
0.021475        0.029235      402
0.021740        0.027072      403
0.021368        0.028924      404
0.021661        0.027091      405
0.021276        0.028742      406
0.021579        0.027103      407
0.021195        0.028614      408
0.021501        0.027106      409
0.021124        0.028519      410
0.021428        0.027102      411
0.021059        0.028445      412
0.021358        0.027092      413
0.020999        0.028381      414
0.021289        0.027079      415
0.020940        0.028325      416
0.021222        0.027064      417
0.020882        0.028274      418
0.021155        0.027048      419
0.020823        0.028227      420
0.021087        0.027032      421
0.020762        0.028181      422
0.021019        0.027017      423
0.020698        0.028133      424
0.020950        0.027004      425
0.020633        0.028080      426
0.020883        0.026995      427
0.020568        0.028024      428
0.020821        0.026991      429
0.020508        0.027980      430
0.020765        0.026988      431
0.020454        0.027964      432
0.020715        0.026979      433
0.020404        0.027974      434
0.020667        0.026966      435
0.020356        0.027996      436
0.020618        0.026951      437
0.020310        0.028023      438
0.020570        0.026936      439
0.020265        0.028049      440
0.020522        0.026921      441
0.020220        0.028071      442
0.020473        0.026908      443
0.020175        0.028090      444
0.020425        0.026895      445
0.020130        0.028105      446
0.020377        0.026884      447
0.020085        0.028116      448
0.020329        0.026873      449
0.020039        0.028124      450
0.020282        0.026864      451
0.019992        0.028129      452
0.020235        0.026855      453
0.019945        0.028131      454
0.020188        0.026847      455
0.019897        0.028130      456
0.020142        0.026840      457
0.019849        0.028125      458
0.020096        0.026833      459
0.019801        0.028119      460
0.020050        0.026826      461
0.019753        0.028109      462
0.020004        0.026820      463
0.019705        0.028097      464
0.019959        0.026814      465
0.019657        0.028084      466
0.019914        0.026808      467
0.019610        0.028068      468
0.019869        0.026802      469
0.019563        0.028050      470
0.019824        0.026796      471
0.019516        0.028031      472
0.019779        0.026791      473
0.019470        0.028011      474
0.019735        0.026785      475
0.019424        0.027989      476
0.019691        0.026780      477
0.019378        0.027966      478
0.019647        0.026774      479
0.019333        0.027941      480
0.019603        0.026769      481
0.019288        0.027916      482
0.019559        0.026764      483
0.019244        0.027890      484
0.019515        0.026759      485
0.019200        0.027862      486
0.019472        0.026754      487
0.019156        0.027834      488
0.019429        0.026750      489
0.019113        0.027806      490
0.019386        0.026746      491
0.019070        0.027776      492
0.019343        0.026742      493
0.019028        0.027747      494
0.019300        0.026738      495
0.018985        0.027716      496
0.019258        0.026735      497
0.018944        0.027685      498
0.019216        0.026732      499
0.018902        0.027654      500
0.019174        0.026729      501
0.018861        0.027623      502
0.019132        0.026727      503
0.018820        0.027591      504
0.019090        0.026725      505
0.018779        0.027559      506
0.019049        0.026723      507
0.018738        0.027527      508
0.019008        0.026722      509
0.018698        0.027495      510
0.018966        0.026721      511
0.018658        0.027463      512
0.018926        0.026720      513
0.018618        0.027431      514
0.018885        0.026720      515
0.018578        0.027399      516
0.018845        0.026720      517
0.018538        0.027367      518
0.018804        0.026721      519
0.018499        0.027335      520
0.018764        0.026721      521
0.018459        0.027303      522
0.018724        0.026722      523
0.018420        0.027272      524
0.018684        0.026724      525
0.018380        0.027240      526
0.018644        0.026725      527
0.018341        0.027209      528
0.018604        0.026727      529
0.018301        0.027178      530
0.018564        0.026729      531
0.018261        0.027147      532
0.018523        0.026732      533
0.018222        0.027116      534
0.018483        0.026734      535
0.018181        0.027086      536
0.018442        0.026737      537
0.018141        0.027055      538
0.018400        0.026739      539
0.018099        0.027025      540
0.018357        0.026742      541
0.018057        0.026994      542
0.018313        0.026745      543
0.018013        0.026963      544
0.018268        0.026747      545
0.017968        0.026932      546
0.018220        0.026749      547
0.017920        0.026901      548
0.018169        0.026752      549
0.017870        0.026870      550
0.018116        0.026754      551
0.017818        0.026840      552
0.018063        0.026756      553
0.017767        0.026814      554
0.018011        0.026758      555
0.017717        0.026792      556
0.017964        0.026761      557
0.017673        0.026777      558
0.017924        0.026763      559
0.017633        0.026766      560
0.017889        0.026766      561
0.017597        0.026757      562
0.017859        0.026769      563
0.017564        0.026749      564
0.017830        0.026773      565
0.017532        0.026740      566
0.017803        0.026778      567
0.017500        0.026730      568
0.017777        0.026785      569
0.017469        0.026719      570
0.017750        0.026792      571
0.017437        0.026706      572
0.017722        0.026801      573
0.017406        0.026693      574
0.017694        0.026811      575
0.017374        0.026679      576
0.017665        0.026822      577
0.017342        0.026664      578
0.017637        0.026834      579
0.017311        0.026649      580
0.017608        0.026846      581
0.017279        0.026634      582
0.017579        0.026860      583
0.017247        0.026619      584
0.017550        0.026873      585
0.017215        0.026605      586
0.017521        0.026888      587
0.017183        0.026590      588
0.017493        0.026902      589
0.017151        0.026575      590
0.017464        0.026917      591
0.017119        0.026561      592
0.017436        0.026932      593
0.017087        0.026548      594
0.017408        0.026948      595
0.017054        0.026534      596
0.017380        0.026963      597
0.017022        0.026521      598
0.017352        0.026978      599
0.016989        0.026509      600
0.017324        0.026993      601
0.016957        0.026497      602
0.017296        0.027008      603
0.016924        0.026485      604
0.017269        0.027023      605
0.016892        0.026474      606
0.017241        0.027038      607
0.016859        0.026464      608
0.017214        0.027053      609
0.016826        0.026453      610
0.017187        0.027068      611
0.016794        0.026444      612
0.017159        0.027083      613
0.016761        0.026434      614
0.017132        0.027098      615
0.016729        0.026425      616
0.017105        0.027112      617
0.016696        0.026417      618
0.017078        0.027127      619
0.016664        0.026409      620
0.017050        0.027141      621
0.016632        0.026402      622
0.017023        0.027156      623
0.016599        0.026394      624
0.016996        0.027170      625
0.016567        0.026388      626
0.016969        0.027185      627
0.016535        0.026382      628
0.016941        0.027199      629
0.016503        0.026376      630
0.016914        0.027213      631
0.016471        0.026371      632
0.016887        0.027228      633
0.016440        0.026366      634
0.016859        0.027242      635
0.016408        0.026361      636
0.016832        0.027257      637
0.016377        0.026357      638
0.016805        0.027271      639
0.016345        0.026354      640
0.016777        0.027286      641
0.016314        0.026351      642
0.016750        0.027301      643
0.016283        0.026348      644
0.016722        0.027316      645
0.016253        0.026346      646
0.016695        0.027331      647
0.016222        0.026344      648
0.016667        0.027346      649
0.016191        0.026342      650
0.016640        0.027361      651
0.016161        0.026341      652
0.016612        0.027376      653
0.016131        0.026340      654
0.016585        0.027392      655
0.016101        0.026339      656
0.016558        0.027408      657
0.016071        0.026339      658
0.016530        0.027424      659
0.016041        0.026339      660
0.016503        0.027440      661
0.016011        0.026340      662
0.016476        0.027456      663
0.015982        0.026340      664
0.016449        0.027472      665
0.015953        0.026341      666
0.016422        0.027489      667
0.015923        0.026342      668
0.016394        0.027506      669
0.015894        0.026344      670
0.016368        0.027523      671
0.015865        0.026345      672
0.016341        0.027540      673
0.015836        0.026347      674
0.016314        0.027557      675
0.015807        0.026349      676
0.016287        0.027575      677
0.015778        0.026351      678
0.016260        0.027592      679
0.015750        0.026354      680
0.016234        0.027610      681
0.015721        0.026356      682
0.016207        0.027628      683
0.015692        0.026359      684
0.016181        0.027647      685
0.015664        0.026362      686
0.016154        0.027665      687
0.015635        0.026366      688
0.016128        0.027683      689
0.015607        0.026369      690
0.016101        0.027702      691
0.015578        0.026373      692
0.016075        0.027720      693
0.015550        0.026377      694
0.016048        0.027739      695
0.015521        0.026381      696
0.016022        0.027758      697
0.015492        0.026386      698
0.015996        0.027777      699
0.015463        0.026391      700
0.015969        0.027796      701
0.015434        0.026396      702
0.015943        0.027815      703
0.015405        0.026401      704
0.015916        0.027834      705
0.015376        0.026406      706
0.015890        0.027854      707
0.015347        0.026412      708
0.015864        0.027873      709
0.015318        0.026418      710
0.015838        0.027893      711
0.015288        0.026423      712
0.015813        0.027913      713
0.015259        0.026429      714
0.015787        0.027933      715
0.015230        0.026434      716
0.015762        0.027952      717
0.015200        0.026440      718
0.015738        0.027971      719
0.015170        0.026444      720
0.015713        0.027990      721
0.015140        0.026449      722
0.015689        0.028008      723
0.015110        0.026454      724
0.015665        0.028025      725
0.015080        0.026458      726
0.015641        0.028042      727
0.015051        0.026463      728
0.015616        0.028058      729
0.015022        0.026468      730
0.015591        0.028074      731
0.014993        0.026474      732
0.015565        0.028090      733
0.014965        0.026480      734
0.015539        0.028106      735
0.014938        0.026487      736
0.015512        0.028121      737
0.014911        0.026494      738
0.015486        0.028137      739
0.014884        0.026501      740
0.015460        0.028153      741
0.014856        0.026508      742
0.015434        0.028169      743
0.014828        0.026514      744
0.015408        0.028184      745
0.014800        0.026520      746
0.015383        0.028199      747
0.014772        0.026526      748
0.015358        0.028214      749
0.014743        0.026532      750
0.015332        0.028229      751
0.014716        0.026539      752
0.015305        0.028244      753
0.014690        0.026547      754
0.015277        0.028258      755
0.014665        0.026555      756
0.015248        0.028273      757
0.014640        0.026564      758
0.015219        0.028287      759
0.014616        0.026573      760
0.015192        0.028303      761
0.014589        0.026580      762
0.015166        0.028320      763
0.014559        0.026585      764
0.015142        0.028339      765
0.014525        0.026589      766
0.015122        0.028361      767
0.014487        0.026592      768
0.015103        0.028388      769
0.014448        0.026597      770
0.015084        0.028416      771
0.014419        0.026605      772
0.015057        0.028429      773
0.014420        0.026617      774
0.015015        0.028395      775
0.014445        0.026627      776
0.014966        0.028341      777
0.014444        0.026633      778
0.014937        0.028343      779
0.014419        0.026640      780
0.014907        0.028388      781
0.014367        0.026650      782
0.014864        0.028463      783
0.014206        0.026654      784
0.014924        0.028828      785
0.014111        0.026604      786
0.014362        0.026918      787
0.014771        0.027273      788
0.014427        0.026471      789
0.014517        0.028998      790
0.014345        0.026468      791
0.015104        0.027535      792
0.014247        0.027894      793
0.014538        0.028149      794
0.014909        0.028034      795
0.014372        0.026460      796
0.014009        0.026423      797
0.014326        0.026466      798
0.014901        0.028058      799
0.014486        0.029668      800
0.013999        0.029653      801
0.014814        0.028734      802
0.014109        0.027117      803
0.014198        0.026575      804
0.014151        0.027708      805
0.014584        0.029384      806
0.015087        0.027149      807
0.014039        0.029047      808
0.013816        0.028021      809
0.014723        0.026784      810
0.013996        0.026655      811
0.014449        0.027312      812
0.014482        0.029914      813
0.014356        0.027306      814
0.014374        0.027364      815
0.014263        0.027824      816
0.014737        0.026484      817
0.013688        0.026696      818
0.013736        0.026626      819
0.014440        0.028013      820
0.014441        0.029778      821
0.014693        0.026930      822
0.013761        0.026472      823
0.013738        0.026613      824
0.014413        0.028357      825
0.014273        0.029581      826
0.014743        0.026557      827
0.013932        0.029368      828
0.013660        0.027266      829
0.014348        0.027086      830
0.014065        0.029308      831
0.014394        0.027221      832
0.014272        0.028582      833
0.013751        0.028257      834
0.014110        0.028407      835
0.013880        0.027975      836
0.013577        0.028272      837
0.014816        0.026540      838
0.013722        0.027535      839
0.014091        0.028411      840
0.014655        0.027877      841
0.013877        0.026632      842
0.013571        0.026552      843
0.013705        0.026552      844
0.014006        0.026564      845
0.014278        0.030138      846
0.013730        0.028003      847
0.014098        0.028783      848
0.014406        0.026856      849
0.013475        0.026508      850
0.013542        0.026610      851
0.013813        0.026596      852
0.013986        0.028712      853
0.013936        0.026651      854
0.013685        0.026592      855
0.013947        0.028760      856
0.013611        0.028289      857
0.013872        0.028849      858
0.014662        0.028806      859
0.013690        0.026625      860
0.013151        0.026577      861
0.013699        0.026607      862
0.014384        0.029067      863
0.013643        0.028517      864
0.013249        0.028897      865
0.014509        0.030204      866
0.013628        0.026959      867
0.013172        0.028136      868
0.014806        0.029085      869
0.013557        0.026864      870
0.013689        0.026776      871
0.013981        0.028427      872
0.014035        0.026795      873
0.013145        0.026656      874
0.013595        0.026597      875
0.014159        0.030065      876
0.013548        0.028214      877
0.013899        0.026814      878
0.013442        0.028561      879
0.013834        0.029246      880
0.013926        0.026910      881
0.013008        0.026594      882
0.013008        0.026633      883
0.013654        0.026672      884
0.013660        0.028763      885
0.012970        0.026697      886
0.013548        0.026680      887
0.014121        0.029870      888
0.013339        0.028078      889
0.013790        0.028435      890
0.013281        0.028228      891
0.013284        0.028349      892
0.013389        0.028805      893
0.012832        0.030549      894
0.014520        0.028097      895
0.013339        0.027083      896
0.013151        0.028252      897
0.014444        0.028874      898
0.012876        0.026665      899
0.013040        0.026857      900
0.014205        0.029225      901
0.013526        0.026609      902
0.012886        0.026654      903
0.012951        0.026747      904
0.013578        0.026738      905
0.013653        0.026768      906
0.013293        0.028738      907
0.013619        0.030547      908
0.013738        0.026682      909
0.013132        0.030499      910
0.013334        0.026670      911
0.013097        0.027712      912
0.013474        0.027336      913
0.013107        0.028148      914
0.013764        0.026816      915
0.012815        0.026817      916
0.012880        0.026930      917
0.014045        0.028303      918
0.013215        0.028072      919
0.013168        0.028190      920
0.013088        0.029263      921
0.013703        0.028132      922
0.012856        0.028901      923
0.013319        0.030002      924
0.013852        0.027607      925
0.013107        0.026725      926
0.012725        0.026839      927
0.013090        0.028388      928
0.012672        0.028340      929
0.012450        0.029554      930
0.013855        0.029661      931
0.013761        0.027622      932
0.012995        0.027154      933
0.012881        0.027027      934
0.012467        0.026880      935
0.013214        0.026814      936
0.013942        0.031563      937
0.012932        0.028118      938
0.012709        0.026941      939
0.013771        0.030855      940
0.012559        0.027263      941
0.013792        0.026974      942
0.012829        0.028480      943
0.012823        0.026940      944
0.013935        0.028335      945
0.013370        0.028058      946
0.012662        0.026722      947
0.013120        0.026920      948
0.013511        0.028946      949
0.012456        0.026891      950
0.013308        0.026832      951
0.013025        0.028622      952
0.012576        0.028404      953
0.013241        0.029351      954
0.013410        0.029160      955
0.013180        0.027466      956
0.012692        0.026854      957
0.012807        0.026864      958
0.013434        0.028785      959
0.012662        0.027083      960
0.012712        0.028760      961
0.012426        0.029321      962
0.013663        0.029575      963
0.012594        0.027033      964
0.013000        0.028535      965
0.012737        0.027077      966
0.012371        0.026997      967
0.013406        0.026946      968
0.012857        0.028826      969
0.012445        0.029279      970
0.013132        0.030400      971
0.013779        0.028635      972
0.012734        0.026924      973
0.012393        0.026837      974
0.012774        0.026884      975
0.013350        0.031578      976
0.012646        0.027447      977
0.013183        0.029953      978
0.012539        0.030532      979
0.013499        0.029948      980
0.012592        0.027595      981
0.012594        0.027515      982
0.012934        0.028017      983
0.012877        0.027209      984
0.012301        0.026988      985
0.012919        0.026977      986
0.013078        0.028780      987
0.012540        0.027131      988
0.012500        0.026938      989
0.011891        0.026962      990
0.012882        0.027010      991
0.012451        0.030271      992
0.012994        0.030210      993
0.012722        0.030566      994
0.013363        0.029140      995
0.012688        0.028113      996
0.012573        0.027856      997
0.012491        0.027662      998
0.012747        0.028135      999
0.012223        0.028202      1000
