4556.695118        0.721761      1
0.270911        0.254763      2
0.270911        0.254763      3
0.270911        0.254763      4
0.270911        0.254763      5
0.270911        0.254763      6
0.270911        0.254763      7
0.270911        0.254763      8
0.270911        0.254763      9
0.270911        0.254763      10
0.270911        0.254763      11
0.270911        0.254763      12
0.270911        0.254763      13
0.270911        0.254763      14
0.270911        0.254763      15
0.270911        0.254763      16
0.270911        0.254763      17
0.270911        0.254763      18
0.270911        0.254763      19
0.270911        0.254763      20
0.270911        0.254763      21
0.270911        0.254763      22
0.270911        0.254763      23
0.270911        0.254763      24
0.270911        0.254763      25
0.270911        0.254763      26
0.270911        0.254763      27
0.270911        0.254763      28
0.270911        0.254763      29
0.270911        0.254763      30
0.270911        0.254763      31
0.270911        0.254763      32
0.270911        0.254763      33
0.270911        0.254763      34
0.270911        0.254763      35
0.270911        0.254763      36
0.270911        0.254763      37
0.270911        0.254763      38
0.270911        0.254763      39
0.270911        0.254763      40
0.270911        0.254763      41
0.270911        0.254763      42
0.270911        0.254763      43
0.270911        0.254763      44
0.270911        0.254763      45
0.270911        0.254763      46
0.270911        0.254763      47
0.270911        0.254763      48
0.270911        0.254763      49
0.270911        0.254763      50
0.270911        0.254763      51
0.270911        0.254763      52
0.270911        0.254763      53
0.270911        0.254763      54
0.270911        0.254763      55
0.270911        0.254763      56
0.270911        0.254763      57
0.270911        0.254763      58
0.270911        0.254763      59
0.270911        0.254763      60
0.270911        0.254763      61
0.270911        0.254763      62
0.270911        0.254763      63
0.270911        0.254763      64
0.270911        0.254763      65
0.270911        0.254763      66
0.270911        0.254763      67
0.270911        0.254763      68
0.270911        0.254763      69
0.270911        0.254763      70
0.270911        0.254763      71
0.270911        0.254763      72
0.270911        0.254763      73
0.270911        0.254763      74
0.270911        0.254763      75
0.270911        0.254763      76
0.270911        0.254763      77
0.270911        0.254763      78
0.270911        0.254763      79
0.270911        0.254763      80
0.270911        0.254763      81
0.270911        0.254763      82
0.270911        0.254763      83
0.270911        0.254763      84
0.270911        0.254763      85
0.270911        0.254763      86
0.270911        0.254763      87
0.270911        0.254763      88
0.270911        0.254763      89
0.270911        0.254763      90
0.270911        0.254763      91
0.270911        0.254763      92
0.270911        0.254763      93
0.270911        0.254763      94
0.270911        0.254763      95
0.270911        0.254763      96
0.270911        0.254763      97
0.270911        0.254763      98
0.270911        0.254763      99
0.270911        0.254763      100
0.270911        0.254763      101
0.270911        0.254763      102
0.270911        0.254763      103
0.270911        0.254763      104
0.270911        0.254763      105
0.270911        0.254763      106
0.270911        0.254763      107
0.270911        0.254763      108
0.270911        0.254763      109
0.270911        0.254763      110
0.270911        0.254763      111
0.270911        0.254763      112
0.270911        0.254763      113
0.270911        0.254763      114
0.270911        0.254763      115
0.270911        0.254763      116
0.270911        0.254763      117
0.270911        0.254763      118
0.270911        0.254763      119
0.270911        0.254763      120
0.270911        0.254763      121
0.270911        0.254763      122
0.270911        0.254763      123
0.270911        0.254763      124
0.270911        0.254763      125
0.270911        0.254763      126
0.270911        0.254763      127
0.270911        0.254763      128
0.270911        0.254763      129
0.270911        0.254763      130
0.270911        0.254763      131
0.270911        0.254763      132
0.270911        0.254763      133
0.270911        0.254763      134
0.270911        0.254763      135
0.270911        0.254763      136
0.270911        0.254763      137
0.270911        0.254763      138
0.270911        0.254763      139
0.270911        0.254763      140
0.270911        0.254763      141
0.270911        0.254763      142
0.270911        0.254763      143
0.270911        0.254763      144
0.270911        0.254763      145
0.270911        0.254763      146
0.270911        0.254763      147
0.270911        0.254763      148
0.270911        0.254763      149
0.270911        0.254763      150
0.270911        0.254763      151
0.270911        0.254763      152
0.270911        0.254763      153
0.270911        0.254763      154
0.270911        0.254763      155
0.270911        0.254763      156
0.270911        0.254763      157
0.270911        0.254763      158
0.270911        0.254763      159
0.270911        0.254763      160
0.270911        0.254763      161
0.270911        0.254763      162
0.270911        0.254763      163
0.270911        0.254763      164
0.270911        0.254763      165
0.270911        0.254763      166
0.270911        0.254763      167
0.270911        0.254763      168
0.270911        0.254763      169
0.270911        0.254763      170
0.270911        0.254763      171
0.270911        0.254763      172
0.270911        0.254763      173
0.270911        0.254763      174
0.270911        0.254763      175
0.270911        0.254763      176
0.270911        0.254763      177
0.270911        0.254763      178
0.270911        0.254763      179
0.270911        0.254763      180
0.270911        0.254763      181
0.270911        0.254763      182
0.270911        0.254763      183
0.270911        0.254763      184
0.270911        0.254763      185
0.270911        0.254763      186
0.270911        0.254763      187
0.270911        0.254763      188
0.270911        0.254763      189
0.270911        0.254763      190
0.270911        0.254763      191
0.270911        0.254763      192
0.270911        0.254763      193
0.270911        0.254763      194
0.270911        0.254763      195
0.270911        0.254763      196
0.270911        0.254763      197
0.270911        0.254763      198
0.270911        0.254763      199
0.270911        0.254763      200
0.270911        0.254763      201
0.270911        0.254763      202
0.270911        0.254763      203
0.270911        0.254763      204
0.270911        0.254763      205
0.270911        0.254763      206
0.270911        0.254763      207
0.270911        0.254763      208
0.270911        0.254763      209
0.270911        0.254763      210
0.270911        0.254763      211
0.270911        0.254763      212
0.270911        0.254763      213
0.270911        0.254763      214
0.270911        0.254763      215
0.270911        0.254763      216
0.270911        0.254763      217
0.270911        0.254763      218
0.270911        0.254763      219
0.270911        0.254763      220
0.270911        0.254763      221
0.270911        0.254763      222
0.270911        0.254763      223
0.270911        0.254763      224
0.270911        0.254763      225
0.270911        0.254763      226
0.270911        0.254763      227
0.270911        0.254763      228
0.270911        0.254763      229
0.270911        0.254763      230
0.270911        0.254763      231
0.270911        0.254763      232
0.270911        0.254763      233
0.270911        0.254763      234
0.270911        0.254763      235
0.270911        0.254763      236
0.270911        0.254763      237
0.270911        0.254763      238
0.270911        0.254763      239
0.270911        0.254763      240
0.270911        0.254763      241
0.270911        0.254763      242
0.270911        0.254763      243
0.270911        0.254763      244
0.270911        0.254763      245
0.270911        0.254763      246
0.270911        0.254763      247
0.270911        0.254763      248
0.270911        0.254763      249
0.270911        0.254763      250
0.270911        0.254763      251
0.270911        0.254763      252
0.270911        0.254763      253
0.270911        0.254763      254
0.270911        0.254763      255
0.270911        0.254763      256
0.270911        0.254763      257
0.270911        0.254763      258
0.270911        0.254763      259
0.270911        0.254763      260
0.270911        0.254763      261
0.270911        0.254763      262
0.270911        0.254763      263
0.270911        0.254763      264
0.270911        0.254763      265
0.270911        0.254763      266
0.270911        0.254763      267
0.270911        0.254763      268
0.270911        0.254763      269
0.270911        0.254763      270
0.270911        0.254763      271
0.270911        0.254763      272
0.270911        0.254763      273
0.270911        0.254763      274
0.270911        0.254763      275
0.270911        0.254763      276
0.270911        0.254763      277
0.270911        0.254763      278
0.270911        0.254763      279
0.270911        0.254763      280
0.270911        0.254763      281
0.270911        0.254763      282
0.270911        0.254763      283
0.270911        0.254763      284
0.270911        0.254763      285
0.270911        0.254763      286
0.270911        0.254763      287
0.270911        0.254763      288
0.270911        0.254763      289
0.270911        0.254763      290
0.270911        0.254763      291
0.270911        0.254763      292
0.270911        0.254763      293
0.270911        0.254763      294
0.270911        0.254763      295
0.270911        0.254763      296
0.270911        0.254763      297
0.270911        0.254763      298
0.270911        0.254763      299
0.270911        0.254763      300
0.270911        0.254763      301
0.270911        0.254763      302
0.270911        0.254763      303
0.270911        0.254763      304
0.270911        0.254763      305
0.270911        0.254763      306
0.270911        0.254763      307
0.270911        0.254763      308
0.270911        0.254763      309
0.270911        0.254763      310
0.270911        0.254763      311
0.270911        0.254763      312
0.270911        0.254763      313
0.270911        0.254763      314
0.270911        0.254763      315
0.270911        0.254763      316
0.270911        0.254763      317
0.270911        0.254763      318
0.270911        0.254763      319
0.270911        0.254763      320
0.270911        0.254763      321
0.270911        0.254763      322
0.270911        0.254763      323
0.270911        0.254763      324
0.270911        0.254763      325
0.270911        0.254763      326
0.270911        0.254763      327
0.270911        0.254763      328
0.270911        0.254763      329
0.270911        0.254763      330
0.270911        0.254763      331
0.270911        0.254763      332
0.270911        0.254763      333
0.270911        0.254763      334
0.270911        0.254763      335
0.270911        0.254763      336
0.270911        0.254763      337
0.270911        0.254763      338
0.270911        0.254763      339
0.270911        0.254763      340
0.270911        0.254763      341
0.270911        0.254763      342
0.270911        0.254763      343
0.270911        0.254763      344
0.270911        0.254763      345
0.270911        0.254763      346
0.270911        0.254763      347
0.270911        0.254763      348
0.270911        0.254763      349
0.270911        0.254763      350
0.270911        0.254763      351
0.270911        0.254763      352
0.270911        0.254763      353
0.270911        0.254763      354
0.270911        0.254763      355
0.270911        0.254763      356
0.270911        0.254763      357
0.270911        0.254763      358
0.270911        0.254763      359
0.270911        0.254763      360
0.270911        0.254763      361
0.270911        0.254763      362
0.270911        0.254763      363
0.270911        0.254763      364
0.270911        0.254763      365
0.270911        0.254763      366
0.270911        0.254763      367
0.270911        0.254763      368
0.270911        0.254763      369
0.270911        0.254763      370
0.270911        0.254763      371
0.270911        0.254763      372
0.270911        0.254763      373
0.270911        0.254763      374
0.270911        0.254763      375
0.270911        0.254763      376
0.270911        0.254763      377
0.270911        0.254763      378
0.270911        0.254763      379
0.270911        0.254763      380
0.270911        0.254763      381
0.270911        0.254763      382
0.270911        0.254763      383
0.270911        0.254763      384
0.270911        0.254763      385
0.270911        0.254763      386
0.270911        0.254763      387
0.270911        0.254763      388
0.270911        0.254763      389
0.270911        0.254763      390
0.270911        0.254763      391
0.270911        0.254763      392
0.270911        0.254763      393
0.270911        0.254763      394
0.270911        0.254763      395
0.270911        0.254763      396
0.270911        0.254763      397
0.270911        0.254763      398
0.270911        0.254763      399
0.270911        0.254763      400
0.270911        0.254763      401
0.270911        0.254763      402
0.270911        0.254763      403
0.270911        0.254763      404
0.270911        0.254763      405
0.270911        0.254763      406
0.270911        0.254763      407
0.270911        0.254763      408
0.270911        0.254763      409
0.270911        0.254763      410
0.270911        0.254763      411
0.270911        0.254763      412
0.270911        0.254763      413
0.270911        0.254763      414
0.270911        0.254763      415
0.270911        0.254763      416
0.270911        0.254763      417
0.270911        0.254763      418
0.270911        0.254763      419
0.270911        0.254763      420
0.270911        0.254763      421
0.270911        0.254763      422
0.270911        0.254763      423
0.270911        0.254763      424
0.270911        0.254763      425
0.270911        0.254763      426
0.270911        0.254763      427
0.270911        0.254763      428
0.270911        0.254763      429
0.270911        0.254763      430
0.270911        0.254763      431
0.270911        0.254763      432
0.270911        0.254763      433
0.270911        0.254763      434
0.270911        0.254763      435
0.270911        0.254763      436
0.270911        0.254763      437
0.270911        0.254763      438
0.270911        0.254763      439
0.270911        0.254763      440
0.270911        0.254763      441
0.270911        0.254763      442
0.270911        0.254763      443
0.270911        0.254763      444
0.270911        0.254763      445
0.270911        0.254763      446
0.270911        0.254763      447
0.270911        0.254763      448
0.270911        0.254763      449
0.270911        0.254763      450
0.270911        0.254763      451
0.270911        0.254763      452
0.270911        0.254763      453
0.270911        0.254763      454
0.270911        0.254763      455
0.270911        0.254763      456
0.270911        0.254763      457
0.270911        0.254763      458
0.270911        0.254763      459
0.270911        0.254763      460
0.270911        0.254763      461
0.270911        0.254763      462
0.270911        0.254763      463
0.270911        0.254763      464
0.270911        0.254763      465
0.270911        0.254763      466
0.270911        0.254763      467
0.270911        0.254763      468
0.270911        0.254763      469
0.270911        0.254763      470
0.270911        0.254763      471
0.270911        0.254763      472
0.270911        0.254763      473
0.270911        0.254763      474
0.270911        0.254763      475
0.270911        0.254763      476
0.270911        0.254763      477
0.270911        0.254763      478
0.270911        0.254763      479
0.270911        0.254763      480
0.270911        0.254763      481
0.270911        0.254763      482
0.270911        0.254763      483
0.270911        0.254763      484
0.270911        0.254763      485
0.270911        0.254763      486
0.270911        0.254763      487
0.270911        0.254763      488
0.270911        0.254763      489
0.270911        0.254763      490
0.270911        0.254763      491
0.270911        0.254763      492
0.270911        0.254763      493
0.270911        0.254763      494
0.270911        0.254763      495
0.270911        0.254763      496
0.270911        0.254763      497
0.270911        0.254763      498
0.270911        0.254763      499
0.270911        0.254763      500
0.270911        0.254763      501
0.270911        0.254763      502
0.270911        0.254763      503
0.270911        0.254763      504
0.270911        0.254763      505
0.270911        0.254763      506
0.270911        0.254763      507
0.270911        0.254763      508
0.270911        0.254763      509
0.270911        0.254763      510
0.270911        0.254763      511
0.270911        0.254763      512
0.270911        0.254763      513
0.270911        0.254763      514
0.270911        0.254763      515
0.270911        0.254763      516
0.270911        0.254763      517
0.270911        0.254763      518
0.270911        0.254763      519
0.270911        0.254763      520
0.270911        0.254763      521
0.270911        0.254763      522
0.270911        0.254763      523
0.270911        0.254763      524
0.270911        0.254763      525
0.270911        0.254763      526
0.270911        0.254763      527
0.270911        0.254763      528
0.270911        0.254763      529
0.270911        0.254763      530
0.270911        0.254763      531
0.270911        0.254763      532
0.270911        0.254763      533
0.270911        0.254763      534
0.270911        0.254763      535
0.270911        0.254763      536
0.270911        0.254763      537
0.270911        0.254763      538
0.270911        0.254763      539
0.270911        0.254763      540
0.270911        0.254763      541
0.270911        0.254763      542
0.270911        0.254763      543
0.270911        0.254763      544
0.270911        0.254763      545
0.270911        0.254763      546
0.270911        0.254763      547
0.270911        0.254763      548
0.270911        0.254763      549
0.270911        0.254763      550
0.270911        0.254763      551
0.270911        0.254763      552
0.270911        0.254763      553
0.270911        0.254763      554
0.270911        0.254763      555
0.270911        0.254763      556
0.270911        0.254763      557
0.270911        0.254763      558
0.270911        0.254763      559
0.270911        0.254763      560
0.270911        0.254763      561
0.270911        0.254763      562
0.270911        0.254763      563
0.270911        0.254763      564
0.270911        0.254763      565
0.270911        0.254763      566
0.270911        0.254763      567
0.270911        0.254763      568
0.270911        0.254763      569
0.270911        0.254763      570
0.270911        0.254763      571
0.270911        0.254763      572
0.270911        0.254763      573
0.270911        0.254763      574
0.270911        0.254763      575
0.270911        0.254763      576
0.270911        0.254763      577
0.270911        0.254763      578
0.270911        0.254763      579
0.270911        0.254763      580
0.270911        0.254763      581
0.270911        0.254763      582
0.270911        0.254763      583
0.270911        0.254763      584
0.270911        0.254763      585
0.270911        0.254763      586
0.270911        0.254763      587
0.270911        0.254763      588
0.270911        0.254763      589
0.270911        0.254763      590
0.270911        0.254763      591
0.270911        0.254763      592
0.270911        0.254763      593
0.270911        0.254763      594
0.270911        0.254763      595
0.270911        0.254763      596
0.270911        0.254763      597
0.270911        0.254763      598
0.270911        0.254763      599
0.270911        0.254763      600
0.270911        0.254763      601
0.270911        0.254763      602
0.270911        0.254763      603
0.270911        0.254763      604
0.270911        0.254763      605
0.270911        0.254763      606
0.270911        0.254763      607
0.270911        0.254763      608
0.270911        0.254763      609
0.270911        0.254763      610
0.270911        0.254763      611
0.270911        0.254763      612
0.270911        0.254763      613
0.270911        0.254763      614
0.270911        0.254763      615
0.270911        0.254763      616
0.270911        0.254763      617
0.270911        0.254763      618
0.270911        0.254763      619
0.270911        0.254763      620
0.270911        0.254763      621
0.270911        0.254763      622
0.270911        0.254763      623
0.270911        0.254763      624
0.270911        0.254763      625
0.270911        0.254763      626
0.270911        0.254763      627
0.270911        0.254763      628
0.270911        0.254763      629
0.270911        0.254763      630
0.270911        0.254763      631
0.270911        0.254763      632
0.270911        0.254763      633
0.270911        0.254763      634
0.270911        0.254763      635
0.270911        0.254763      636
0.270911        0.254763      637
0.270911        0.254763      638
0.270911        0.254763      639
0.270911        0.254763      640
0.270911        0.254763      641
0.270911        0.254763      642
0.270911        0.254763      643
0.270911        0.254763      644
0.270911        0.254763      645
0.270911        0.254763      646
0.270911        0.254763      647
0.270911        0.254763      648
0.270911        0.254763      649
0.270911        0.254763      650
0.270911        0.254763      651
0.270911        0.254763      652
0.270911        0.254763      653
0.270911        0.254763      654
0.270911        0.254763      655
0.270911        0.254763      656
0.270911        0.254763      657
0.270911        0.254763      658
0.270911        0.254763      659
0.270911        0.254763      660
0.270911        0.254763      661
0.270911        0.254763      662
0.270911        0.254763      663
0.270911        0.254763      664
0.270911        0.254763      665
0.270911        0.254763      666
0.270911        0.254763      667
0.270911        0.254763      668
0.270911        0.254763      669
0.270911        0.254763      670
0.270911        0.254763      671
0.270911        0.254763      672
0.270911        0.254763      673
0.270911        0.254763      674
0.270911        0.254763      675
0.270911        0.254763      676
0.270911        0.254763      677
0.270911        0.254763      678
0.270911        0.254763      679
0.270911        0.254763      680
0.270911        0.254763      681
0.270911        0.254763      682
0.270911        0.254763      683
0.270911        0.254763      684
0.270911        0.254763      685
0.270911        0.254763      686
0.270911        0.254763      687
0.270911        0.254763      688
0.270911        0.254763      689
0.270911        0.254763      690
0.270911        0.254763      691
0.270911        0.254763      692
0.270911        0.254763      693
0.270911        0.254763      694
0.270911        0.254763      695
0.270911        0.254763      696
0.270911        0.254763      697
0.270911        0.254763      698
0.270911        0.254763      699
0.270911        0.254763      700
0.270911        0.254763      701
0.270911        0.254763      702
0.270911        0.254763      703
0.270911        0.254763      704
0.270911        0.254763      705
0.270911        0.254763      706
0.270911        0.254763      707
0.270911        0.254763      708
0.270911        0.254763      709
0.270911        0.254763      710
0.270911        0.254763      711
0.270911        0.254763      712
0.270911        0.254763      713
0.270911        0.254763      714
0.270911        0.254763      715
0.270911        0.254763      716
0.270911        0.254763      717
0.270911        0.254763      718
0.270911        0.254763      719
0.270911        0.254763      720
0.270911        0.254763      721
0.270911        0.254763      722
0.270911        0.254763      723
0.270911        0.254763      724
0.270911        0.254763      725
0.270911        0.254763      726
0.270911        0.254763      727
0.270911        0.254763      728
0.270911        0.254763      729
0.270911        0.254763      730
0.270911        0.254763      731
0.270911        0.254763      732
0.270911        0.254763      733
0.270911        0.254763      734
0.270911        0.254763      735
0.270911        0.254763      736
0.270911        0.254763      737
0.270911        0.254763      738
0.270911        0.254763      739
0.270911        0.254763      740
0.270911        0.254763      741
0.270911        0.254763      742
0.270911        0.254763      743
0.270911        0.254763      744
0.270911        0.254763      745
0.270911        0.254763      746
0.270911        0.254763      747
0.270911        0.254763      748
0.270911        0.254763      749
0.270911        0.254763      750
0.270911        0.254763      751
0.270911        0.254763      752
0.270911        0.254763      753
0.270911        0.254763      754
0.270911        0.254763      755
0.270911        0.254763      756
0.270911        0.254763      757
0.270911        0.254763      758
0.270911        0.254763      759
0.270911        0.254763      760
0.270911        0.254763      761
0.270911        0.254763      762
0.270911        0.254763      763
0.270911        0.254763      764
0.270911        0.254763      765
0.270911        0.254763      766
0.270911        0.254763      767
0.270911        0.254763      768
0.270911        0.254763      769
0.270911        0.254763      770
0.270911        0.254763      771
0.270911        0.254763      772
0.270911        0.254763      773
0.270911        0.254763      774
0.270911        0.254763      775
0.270911        0.254763      776
0.270911        0.254763      777
0.270911        0.254763      778
0.270911        0.254763      779
0.270911        0.254763      780
0.270911        0.254763      781
0.270911        0.254763      782
0.270911        0.254763      783
0.270911        0.254763      784
0.270911        0.254763      785
0.270911        0.254763      786
0.270911        0.254763      787
0.270911        0.254763      788
0.270911        0.254763      789
0.270911        0.254763      790
0.270911        0.254763      791
0.270911        0.254763      792
0.270911        0.254763      793
0.270911        0.254763      794
0.270911        0.254763      795
0.270911        0.254763      796
0.270911        0.254763      797
0.270911        0.254763      798
0.270911        0.254763      799
0.270911        0.254763      800
0.270911        0.254763      801
0.270911        0.254763      802
0.270911        0.254763      803
0.270911        0.254763      804
0.270911        0.254763      805
0.270911        0.254763      806
0.270911        0.254763      807
0.270911        0.254763      808
0.270911        0.254763      809
0.270911        0.254763      810
0.270911        0.254763      811
0.270911        0.254763      812
0.270911        0.254763      813
0.270911        0.254763      814
0.270911        0.254763      815
0.270911        0.254763      816
0.270911        0.254763      817
0.270911        0.254763      818
0.270911        0.254763      819
0.270911        0.254763      820
0.270911        0.254763      821
0.270911        0.254763      822
0.270911        0.254763      823
0.270911        0.254763      824
0.270911        0.254763      825
0.270911        0.254763      826
0.270911        0.254763      827
0.270911        0.254763      828
0.270911        0.254763      829
0.270911        0.254763      830
0.270911        0.254763      831
0.270911        0.254763      832
0.270911        0.254763      833
0.270911        0.254763      834
0.270911        0.254763      835
0.270911        0.254763      836
0.270911        0.254763      837
0.270911        0.254763      838
0.270911        0.254763      839
0.270911        0.254763      840
0.270911        0.254763      841
0.270911        0.254763      842
0.270911        0.254763      843
0.270911        0.254763      844
0.270911        0.254763      845
0.270911        0.254763      846
0.270911        0.254763      847
0.270911        0.254763      848
0.270911        0.254763      849
0.270911        0.254763      850
0.270911        0.254763      851
0.270911        0.254763      852
0.270911        0.254763      853
0.270911        0.254763      854
0.270911        0.254763      855
0.270911        0.254763      856
0.270911        0.254763      857
0.270911        0.254763      858
0.270911        0.254763      859
0.270911        0.254763      860
0.270911        0.254763      861
0.270911        0.254763      862
0.270911        0.254763      863
0.270911        0.254763      864
0.270911        0.254763      865
0.270911        0.254763      866
0.270911        0.254763      867
0.270911        0.254763      868
0.270911        0.254763      869
0.270911        0.254763      870
0.270911        0.254763      871
0.270911        0.254763      872
0.270911        0.254763      873
0.270911        0.254763      874
0.270911        0.254763      875
0.270911        0.254763      876
0.270911        0.254763      877
0.270911        0.254763      878
0.270911        0.254763      879
0.270911        0.254763      880
0.270911        0.254763      881
0.270911        0.254763      882
0.270911        0.254763      883
0.270911        0.254763      884
0.270911        0.254763      885
0.270911        0.254763      886
0.270911        0.254763      887
0.270911        0.254763      888
0.270911        0.254763      889
0.270911        0.254763      890
0.270911        0.254763      891
0.270911        0.254763      892
0.270911        0.254763      893
0.270911        0.254763      894
0.270911        0.254763      895
0.270911        0.254763      896
0.270911        0.254763      897
0.270911        0.254763      898
0.270911        0.254763      899
0.270911        0.254763      900
0.270911        0.254763      901
0.270911        0.254763      902
0.270911        0.254763      903
0.270911        0.254763      904
0.270911        0.254763      905
0.270911        0.254763      906
0.270911        0.254763      907
0.270911        0.254763      908
0.270911        0.254763      909
0.270911        0.254763      910
0.270911        0.254763      911
0.270911        0.254763      912
0.270911        0.254763      913
0.270911        0.254763      914
0.270911        0.254763      915
0.270911        0.254763      916
0.270911        0.254763      917
0.270911        0.254763      918
0.270911        0.254763      919
0.270911        0.254763      920
0.270911        0.254763      921
0.270911        0.254763      922
0.270911        0.254763      923
0.270911        0.254763      924
0.270911        0.254763      925
0.270911        0.254763      926
0.270911        0.254763      927
0.270911        0.254763      928
0.270911        0.254763      929
0.270911        0.254763      930
0.270911        0.254763      931
0.270911        0.254763      932
0.270911        0.254763      933
0.270911        0.254763      934
0.270911        0.254763      935
0.270911        0.254763      936
0.270911        0.254763      937
0.270911        0.254763      938
0.270911        0.254763      939
0.270911        0.254763      940
0.270911        0.254763      941
0.270911        0.254763      942
0.270911        0.254763      943
0.270911        0.254763      944
0.270911        0.254763      945
0.270911        0.254763      946
0.270911        0.254763      947
0.270911        0.254763      948
0.270911        0.254763      949
0.270911        0.254763      950
0.270911        0.254763      951
0.270911        0.254763      952
0.270911        0.254763      953
0.270911        0.254763      954
0.270911        0.254763      955
0.270911        0.254763      956
0.270911        0.254763      957
0.270911        0.254763      958
0.270911        0.254763      959
0.270911        0.254763      960
0.270911        0.254763      961
0.270911        0.254763      962
0.270911        0.254763      963
0.270911        0.254763      964
0.270911        0.254763      965
0.270911        0.254763      966
0.270911        0.254763      967
0.270911        0.254763      968
0.270911        0.254763      969
0.270911        0.254763      970
0.270911        0.254763      971
0.270911        0.254763      972
0.270911        0.254763      973
0.270911        0.254763      974
0.270911        0.254763      975
0.270911        0.254763      976
0.270911        0.254763      977
0.270911        0.254763      978
0.270911        0.254763      979
0.270911        0.254763      980
0.270911        0.254763      981
0.270911        0.254763      982
0.270911        0.254763      983
0.270911        0.254763      984
0.270911        0.254763      985
0.270911        0.254763      986
0.270911        0.254763      987
0.270911        0.254763      988
0.270911        0.254763      989
0.270911        0.254763      990
0.270911        0.254763      991
0.270911        0.254763      992
0.270911        0.254763      993
0.270911        0.254763      994
0.270911        0.254763      995
0.270911        0.254763      996
0.270911        0.254763      997
0.270911        0.254763      998
0.270911        0.254763      999
0.270911        0.254763      1000
