0.222000        0.303912      1
0.194659        0.216634      2
0.191564        0.204734      3
0.191178        0.183833      4
0.190296        0.184084      5
0.190375        0.189500      6
0.190000        0.200199      7
0.189975        0.198283      8
0.190517        0.187920      9
0.189534        0.190164      10
0.189917        0.187439      11
0.189612        0.181482      12
0.189648        0.193826      13
0.189612        0.178102      14
0.190022        0.183204      15
0.189268        0.191935      16
0.188992        0.186590      17
0.189176        0.187746      18
0.189872        0.193964      19
0.189040        0.179428      20
0.189273        0.204221      21
0.189273        0.204245      22
0.188987        0.183895      23
0.188355        0.203279      24
0.188034        0.190726      25
0.186576        0.203410      26
0.185895        0.226866      27
0.186597        0.187607      28
0.184818        0.191702      29
0.184762        0.229536      30
0.184572        0.250282      31
0.183247        0.287480      32
0.181796        0.260743      33
0.180002        0.303642      34
0.177549        0.432630      35
0.178531        0.443064      36
0.177417        0.436966      37
0.176080        0.443605      38
0.174867        0.584251      39
0.172473        0.648247      40
0.169635        0.442613      41
0.170751        0.591884      42
0.169276        0.852006      43
0.167766        0.668211      44
0.161999        0.795181      45
0.166234        0.929897      46
0.163480        0.729908      47
0.161751        0.579875      48
0.162708        0.863736      49
0.161312        0.898925      50
0.161170        1.027299      51
0.161705        0.812065      52
0.162879        1.009850      53
0.160050        0.702656      54
0.158105        1.066711      55
0.156578        1.000233      56
0.159984        0.927339      57
0.156070        1.109760      58
0.156302        1.048718      59
0.157792        1.020189      60
0.154114        1.108810      61
0.160728        0.989804      62
0.155836        1.071805      63
0.154915        0.831727      64
0.155803        0.869531      65
0.153662        1.039946      66
0.154215        0.838803      67
0.154402        0.828384      68
0.153293        0.738981      69
0.154119        0.832255      70
0.153469        0.621103      71
0.153888        0.700335      72
0.152851        0.886522      73
0.152686        0.777666      74
0.150868        0.838366      75
0.151477        0.667230      76
0.153247        0.607110      77
0.153518        0.583085      78
0.152408        0.655314      79
0.150423        0.670003      80
0.151543        0.992722      81
0.150210        0.673756      82
0.148479        0.764341      83
0.148219        0.920525      84
0.148018        0.702545      85
0.154197        0.572426      86
0.150388        0.719299      87
0.152447        0.501102      88
0.148939        0.631609      89
0.151632        0.673100      90
0.148781        0.543117      91
0.147342        0.701354      92
0.149694        0.606509      93
0.149235        0.556236      94
0.148499        0.567673      95
0.147128        0.676841      96
0.147314        0.625871      97
0.147637        0.739004      98
0.146917        0.556849      99
0.145060        0.611144      100
0.146408        0.758703      101
0.145401        0.677276      102
0.146266        0.658002      103
0.148231        0.495487      104
0.145435        0.648826      105
0.148471        0.696499      106
0.145503        0.618035      107
0.145883        0.499437      108
0.145749        0.624462      109
0.144687        0.552409      110
0.145990        0.629185      111
0.147015        0.453557      112
0.145767        0.481312      113
0.141601        0.469406      114
0.143965        0.483585      115
0.143409        0.461029      116
0.144236        0.695043      117
0.144104        0.505285      118
0.143681        0.566902      119
0.143461        0.580304      120
0.139178        0.511773      121
0.142673        0.507379      122
0.142306        0.561837      123
0.142873        0.493223      124
0.143146        0.506667      125
0.145175        0.528623      126
0.140460        0.704635      127
0.142284        0.599445      128
0.142030        0.486767      129
0.142797        0.526665      130
0.140461        0.468091      131
0.141890        0.429744      132
0.141090        0.611395      133
0.142439        0.351264      134
0.138242        0.550748      135
0.140342        0.445653      136
0.138153        0.663466      137
0.138669        0.529653      138
0.139324        0.523316      139
0.138944        0.655951      140
0.137934        0.546301      141
0.137623        0.628993      142
0.138429        0.532714      143
0.139777        0.523257      144
0.140462        0.596493      145
0.139958        0.599363      146
0.136712        0.481284      147
0.138252        0.646245      148
0.136065        0.712899      149
0.137382        0.505943      150
0.137084        0.530742      151
0.139924        0.530166      152
0.138077        0.515781      153
0.136414        0.387145      154
0.138009        0.621746      155
0.136861        0.382690      156
0.137725        0.606534      157
0.138420        0.493474      158
0.136371        0.539101      159
0.138709        0.507414      160
0.136043        0.579577      161
0.137155        0.566866      162
0.136530        0.488807      163
0.139273        0.464627      164
0.136640        0.543612      165
0.133146        0.466406      166
0.134255        0.518609      167
0.135157        0.398450      168
0.133226        0.456488      169
0.134550        0.526334      170
0.136518        0.408597      171
0.134826        0.501392      172
0.135572        0.538955      173
0.134132        0.558668      174
0.132813        0.588810      175
0.135320        0.599323      176
0.136065        0.344361      177
0.131435        0.441240      178
0.133156        0.375269      179
0.132853        0.602032      180
0.135062        0.467983      181
0.133746        0.528945      182
0.132070        0.368190      183
0.131791        0.496018      184
0.131844        0.484851      185
0.135480        0.446206      186
0.131190        0.351654      187
0.131897        0.523651      188
0.134154        0.637585      189
0.130588        0.619344      190
0.132295        0.426585      191
0.131237        0.489617      192
0.132363        0.487034      193
0.131291        0.480778      194
0.131241        0.528696      195
0.130894        0.448482      196
0.130079        0.463979      197
0.129247        0.508579      198
0.129999        0.354245      199
0.126758        0.410716      200
0.128845        0.501398      201
0.132094        0.480768      202
0.127825        0.438417      203
0.129296        0.465773      204
0.132076        0.464056      205
0.128787        0.474393      206
0.128095        0.457163      207
0.126595        0.427162      208
0.129548        0.369056      209
0.128888        0.428826      210
0.129298        0.375101      211
0.126513        0.412988      212
0.128470        0.444197      213
0.128752        0.504341      214
0.129425        0.402204      215
0.128858        0.513548      216
0.126324        0.478933      217
0.129777        0.472164      218
0.126308        0.400121      219
0.128177        0.406058      220
0.129783        0.583875      221
0.128029        0.380467      222
0.125266        0.401819      223
0.125104        0.511118      224
0.126711        0.470454      225
0.127136        0.461035      226
0.124629        0.446817      227
0.128273        0.460763      228
0.128663        0.318374      229
0.122865        0.393073      230
0.125718        0.438667      231
0.125459        0.391926      232
0.126028        0.279620      233
0.124792        0.447057      234
0.124946        0.526096      235
0.125455        0.510683      236
0.126251        0.412378      237
0.127044        0.372090      238
0.126868        0.436414      239
0.125502        0.432866      240
0.125349        0.405963      241
0.123981        0.372766      242
0.123624        0.357995      243
0.122572        0.448830      244
0.125287        0.517735      245
0.124858        0.432359      246
0.125875        0.415673      247
0.123348        0.327082      248
0.121101        0.436932      249
0.123137        0.436576      250
0.123465        0.422046      251
0.121879        0.335386      252
0.123439        0.338146      253
0.124557        0.371619      254
0.120338        0.445557      255
0.124794        0.485900      256
0.122339        0.457216      257
0.125411        0.337444      258
0.119142        0.377732      259
0.118573        0.379892      260
0.120988        0.422866      261
0.119865        0.472603      262
0.123379        0.366260      263
0.120615        0.364648      264
0.123062        0.386644      265
0.123463        0.491465      266
0.119423        0.401046      267
0.120753        0.452660      268
0.120462        0.431443      269
0.120018        0.398616      270
0.120390        0.426967      271
0.119367        0.443329      272
0.115057        0.479426      273
0.118792        0.344664      274
0.119205        0.452358      275
0.119447        0.497430      276
0.121377        0.344548      277
0.120768        0.330320      278
0.117878        0.492458      279
0.118077        0.430531      280
0.119116        0.526697      281
0.118648        0.404789      282
0.118029        0.418912      283
0.117124        0.537216      284
0.115945        0.376742      285
0.118513        0.362671      286
0.117263        0.468909      287
0.119322        0.522980      288
0.116534        0.481566      289
0.116716        0.385598      290
0.116639        0.355777      291
0.119402        0.458747      292
0.120930        0.595182      293
0.117002        0.429100      294
0.117598        0.415795      295
0.114137        0.399841      296
0.117543        0.464634      297
0.116512        0.459984      298
0.114607        0.463554      299
0.118317        0.549677      300
0.117418        0.480999      301
0.115174        0.503789      302
0.112028        0.424363      303
0.116905        0.544614      304
0.110735        0.435856      305
0.115560        0.459049      306
0.117552        0.386522      307
0.116089        0.563853      308
0.114853        0.590797      309
0.117265        0.390806      310
0.113116        0.485631      311
0.112609        0.444576      312
0.114383        0.574335      313
0.117195        0.503432      314
0.116849        0.345066      315
0.114729        0.417954      316
0.112008        0.453302      317
0.116534        0.426608      318
0.113572        0.465777      319
0.115152        0.500701      320
0.113690        0.374229      321
0.111987        0.546408      322
0.113126        0.503446      323
0.115747        0.490994      324
0.114888        0.461179      325
0.115831        0.423149      326
0.113488        0.503797      327
0.112229        0.463725      328
0.112197        0.485953      329
0.112048        0.636045      330
0.110728        0.450674      331
0.112052        0.423532      332
0.112454        0.520732      333
0.110784        0.583357      334
0.114239        0.452088      335
0.113676        0.430161      336
0.110190        0.472822      337
0.112895        0.487045      338
0.113587        0.522615      339
0.113820        0.526692      340
0.111523        0.385019      341
0.110082        0.509665      342
0.112910        0.471432      343
0.109716        0.572770      344
0.107379        0.537662      345
0.111612        0.567430      346
0.110645        0.496046      347
0.109511        0.538594      348
0.110018        0.437145      349
0.110009        0.507391      350
0.113032        0.454182      351
0.111314        0.489458      352
0.111030        0.492753      353
0.111023        0.449133      354
0.109079        0.588965      355
0.107505        0.502800      356
0.107105        0.492692      357
0.108804        0.495676      358
0.111393        0.567669      359
0.108197        0.490227      360
0.108632        0.672683      361
0.112031        0.565434      362
0.109078        0.593131      363
0.108908        0.527702      364
0.109039        0.523599      365
0.109521        0.411425      366
0.110325        0.512085      367
0.109465        0.594890      368
0.109265        0.563089      369
0.109273        0.421285      370
0.110723        0.495067      371
0.109364        0.471287      372
0.110402        0.460458      373
0.108290        0.445505      374
0.108717        0.721718      375
0.106482        0.517282      376
0.107405        0.544494      377
0.107315        0.575760      378
0.108665        0.466666      379
0.107598        0.490151      380
0.110223        0.414937      381
0.109170        0.519261      382
0.107099        0.443970      383
0.104398        0.576022      384
0.109044        0.563348      385
0.106088        0.489687      386
0.106286        0.556343      387
0.111464        0.595966      388
0.107932        0.639006      389
0.107614        0.428513      390
0.105846        0.505852      391
0.111385        0.489484      392
0.104767        0.446741      393
0.103326        0.545574      394
0.108816        0.575164      395
0.106167        0.428613      396
0.106709        0.609091      397
0.104623        0.493731      398
0.106911        0.493308      399
0.107406        0.546457      400
0.106492        0.498890      401
0.106778        0.414906      402
0.109336        0.568350      403
0.107032        0.468403      404
0.106429        0.666078      405
0.107013        0.473772      406
0.104258        0.459165      407
0.109082        0.567445      408
0.106321        0.511904      409
0.109706        0.631234      410
0.109020        0.530058      411
0.106257        0.415839      412
0.108593        0.534181      413
0.106377        0.569438      414
0.106938        0.694453      415
0.108049        0.575353      416
0.106256        0.516558      417
0.104265        0.610863      418
0.106226        0.584103      419
0.106752        0.458514      420
0.106756        0.428888      421
0.104418        0.487878      422
0.105306        0.583967      423
0.103862        0.514454      424
0.104622        0.530318      425
0.104465        0.555405      426
0.104001        0.582764      427
0.106037        0.572705      428
0.106913        0.569533      429
0.104326        0.510180      430
0.105591        0.542225      431
0.106404        0.495768      432
0.105981        0.497372      433
0.105446        0.516661      434
0.105644        0.660889      435
0.106285        0.543681      436
0.107499        0.452648      437
0.105472        0.524416      438
0.103153        0.519032      439
0.103777        0.415454      440
0.106072        0.595606      441
0.103723        0.519335      442
0.105311        0.479678      443
0.106616        0.544894      444
0.104437        0.490959      445
0.105608        0.547558      446
0.106872        0.496621      447
0.101438        0.565399      448
0.108893        0.691303      449
0.101625        0.489423      450
0.100154        0.430652      451
0.102651        0.516049      452
0.104997        0.525659      453
0.102581        0.571246      454
0.104277        0.428883      455
0.104035        0.537550      456
0.106016        0.539276      457
0.103983        0.447869      458
0.104301        0.455830      459
0.103024        0.548621      460
0.099271        0.460897      461
0.102247        0.654183      462
0.103012        0.468459      463
0.102126        0.465870      464
0.104153        0.617180      465
0.103324        0.502804      466
0.102770        0.473707      467
0.102837        0.572502      468
0.103279        0.559183      469
0.102313        0.533300      470
0.104905        0.541571      471
0.102239        0.644895      472
0.104161        0.525363      473
0.106826        0.563758      474
0.102127        0.452983      475
0.104337        0.566007      476
0.099913        0.451557      477
0.103712        0.600517      478
0.103118        0.590167      479
0.103580        0.455628      480
0.101360        0.486853      481
0.100655        0.453035      482
0.104287        0.505984      483
0.102738        0.457002      484
0.100483        0.455072      485
0.106242        0.487999      486
0.103395        0.489421      487
0.104252        0.446327      488
0.102879        0.494144      489
0.100637        0.451704      490
0.102624        0.607743      491
0.101741        0.460191      492
0.102808        0.547018      493
0.103023        0.542419      494
0.103265        0.448065      495
0.103890        0.555770      496
0.103124        0.562515      497
0.103024        0.467286      498
0.102454        0.644264      499
0.101886        0.527218      500
0.103554        0.566602      501
0.100534        0.471156      502
0.104113        0.563664      503
0.100709        0.457156      504
0.103052        0.555851      505
0.102519        0.544338      506
0.102107        0.593054      507
0.099030        0.499645      508
0.104291        0.628690      509
0.102874        0.456831      510
0.100518        0.429579      511
0.099442        0.539048      512
0.101544        0.488203      513
0.101770        0.543104      514
0.103542        0.624545      515
0.103333        0.432461      516
0.100080        0.491732      517
0.100901        0.438968      518
0.101228        0.610919      519
0.100350        0.565282      520
0.100890        0.501050      521
0.100919        0.462449      522
0.098518        0.528811      523
0.100589        0.616667      524
0.102393        0.508117      525
0.102127        0.429704      526
0.102742        0.555804      527
0.101904        0.475766      528
0.100046        0.419680      529
0.098539        0.547670      530
0.101401        0.489237      531
0.102347        0.440304      532
0.100502        0.521831      533
0.102534        0.552534      534
0.102245        0.441821      535
0.098419        0.525033      536
0.102871        0.460091      537
0.100870        0.457473      538
0.099908        0.574752      539
0.101326        0.455329      540
0.099534        0.464055      541
0.100828        0.519815      542
0.101515        0.503835      543
0.100680        0.487392      544
0.102007        0.542087      545
0.101732        0.500809      546
0.099893        0.451555      547
0.103115        0.479004      548
0.100969        0.414332      549
0.098724        0.663136      550
0.099749        0.495305      551
0.101037        0.595294      552
0.100746        0.493790      553
0.099471        0.533540      554
0.097611        0.488019      555
0.102584        0.578559      556
0.099838        0.554031      557
0.098253        0.480903      558
0.100923        0.517975      559
0.100570        0.508102      560
0.102567        0.482005      561
0.100873        0.489628      562
0.101397        0.525675      563
0.103267        0.361250      564
0.100753        0.521918      565
0.099609        0.496989      566
0.100431        0.459877      567
0.101856        0.511976      568
0.099345        0.491683      569
0.098104        0.464866      570
0.098275        0.648592      571
0.099591        0.668755      572
0.098034        0.511427      573
0.101951        0.490639      574
0.100870        0.521124      575
0.097021        0.435589      576
0.099848        0.530400      577
0.099741        0.482261      578
0.100617        0.499498      579
0.097755        0.544113      580
0.099005        0.596940      581
0.099456        0.528554      582
0.100242        0.537082      583
0.097758        0.573785      584
0.100286        0.499890      585
0.099054        0.584572      586
0.101562        0.430016      587
0.102150        0.583192      588
0.099232        0.492482      589
0.099553        0.522177      590
0.096158        0.547232      591
0.100390        0.642501      592
0.096687        0.603580      593
0.100865        0.485730      594
0.099969        0.455209      595
0.097990        0.454839      596
0.098917        0.509571      597
0.097965        0.513182      598
0.098194        0.540259      599
0.098686        0.523170      600
0.099222        0.599035      601
0.098329        0.435479      602
0.100536        0.555493      603
0.100171        0.584215      604
0.097712        0.560067      605
0.095755        0.514748      606
0.100049        0.368903      607
0.097651        0.341420      608
0.095418        0.659469      609
0.100950        0.456612      610
0.098857        0.444270      611
0.099014        0.472102      612
0.100298        0.456128      613
0.099377        0.492164      614
0.096741        0.545332      615
0.098301        0.431135      616
0.098086        0.446011      617
0.099319        0.442179      618
0.099149        0.509209      619
0.099830        0.453052      620
0.099199        0.568645      621
0.100221        0.494015      622
0.093896        0.465737      623
0.097722        0.441654      624
0.096525        0.477505      625
0.097518        0.473578      626
0.097718        0.600111      627
0.099560        0.472463      628
0.097893        0.451364      629
0.099424        0.436176      630
0.094464        0.467667      631
0.098528        0.480095      632
0.097242        0.482133      633
0.097241        0.540743      634
0.096193        0.503732      635
0.100614        0.544065      636
0.098951        0.467644      637
0.095920        0.406136      638
0.099042        0.494301      639
0.097565        0.624394      640
0.099348        0.446837      641
0.098177        0.464897      642
0.097340        0.490615      643
0.097904        0.427836      644
0.096986        0.531061      645
0.099995        0.515469      646
0.100383        0.421414      647
0.098995        0.442052      648
0.098524        0.440463      649
0.097873        0.564552      650
0.096962        0.449057      651
0.096432        0.464245      652
0.098652        0.441994      653
0.097356        0.484768      654
0.097787        0.452364      655
0.098667        0.477145      656
0.097584        0.430510      657
0.094626        0.467208      658
0.100168        0.563645      659
0.098200        0.499637      660
0.096205        0.561781      661
0.098765        0.558478      662
0.098927        0.496664      663
0.096168        0.506286      664
0.098128        0.487602      665
0.094868        0.419032      666
0.098981        0.569936      667
0.098062        0.484836      668
0.096121        0.514414      669
0.099100        0.428043      670
0.098269        0.542162      671
0.098577        0.508132      672
0.098870        0.514043      673
0.097697        0.492489      674
0.095361        0.406481      675
0.096302        0.502762      676
0.094273        0.458567      677
0.100949        0.447331      678
0.098478        0.380350      679
0.096645        0.482927      680
0.093663        0.437963      681
0.097645        0.461694      682
0.100392        0.476478      683
0.097779        0.581251      684
0.095862        0.590669      685
0.097363        0.502031      686
0.097915        0.435426      687
0.100647        0.411464      688
0.100596        0.388247      689
0.100060        0.351197      690
0.095367        0.525994      691
0.095701        0.412275      692
0.095614        0.491110      693
0.095353        0.603012      694
0.093947        0.581876      695
0.096484        0.624827      696
0.097323        0.468380      697
0.101251        0.568342      698
0.094228        0.493381      699
0.097768        0.533017      700
0.099407        0.501063      701
0.097094        0.466724      702
0.097605        0.468865      703
0.097454        0.626223      704
0.098873        0.439116      705
0.096675        0.421179      706
0.098027        0.474868      707
0.096580        0.423706      708
0.093912        0.482887      709
0.095278        0.587296      710
0.094924        0.539116      711
0.096717        0.511621      712
0.094824        0.428984      713
0.094069        0.426406      714
0.096453        0.539318      715
0.094913        0.490189      716
0.097539        0.498349      717
0.094292        0.435357      718
0.094815        0.510005      719
0.096908        0.388006      720
0.095854        0.521886      721
0.097580        0.407289      722
0.094013        0.435961      723
0.095318        0.430055      724
0.095974        0.394438      725
0.095516        0.413840      726
0.096308        0.485133      727
0.094755        0.558728      728
0.093864        0.456548      729
0.093317        0.393543      730
0.096128        0.501188      731
0.095899        0.367124      732
0.094911        0.542159      733
0.095444        0.403475      734
0.096031        0.390817      735
0.097082        0.616739      736
0.094881        0.528979      737
0.096917        0.505378      738
0.093595        0.417031      739
0.093762        0.461037      740
0.092609        0.570706      741
0.095587        0.574002      742
0.093304        0.569397      743
0.094548        0.519514      744
0.093632        0.452264      745
0.094234        0.473112      746
0.096457        0.413601      747
0.096788        0.530977      748
0.097406        0.428033      749
0.097305        0.470420      750
0.095942        0.479355      751
0.097033        0.373795      752
0.094587        0.415815      753
0.095353        0.399877      754
0.095297        0.441373      755
0.092845        0.405329      756
0.096963        0.460596      757
0.093284        0.411777      758
0.094740        0.509166      759
0.095972        0.491281      760
0.096398        0.621522      761
0.092869        0.458220      762
0.092749        0.437809      763
0.092081        0.406940      764
0.096846        0.475540      765
0.095687        0.369687      766
0.097483        0.412858      767
0.095826        0.495704      768
0.092470        0.413621      769
0.095689        0.367753      770
0.093698        0.495683      771
0.092601        0.505725      772
0.097452        0.404119      773
0.094699        0.478014      774
0.095215        0.481854      775
0.096282        0.417169      776
0.095106        0.385857      777
0.090491        0.441744      778
0.095022        0.497216      779
0.095657        0.490767      780
0.093678        0.392138      781
0.097410        0.496414      782
0.094805        0.507565      783
0.093943        0.459693      784
0.095254        0.475035      785
0.097649        0.457053      786
0.091597        0.373639      787
0.096174        0.402657      788
0.097224        0.384166      789
0.094664        0.406797      790
0.096442        0.428656      791
0.095792        0.401487      792
0.094479        0.425209      793
0.097218        0.391232      794
0.094972        0.450156      795
0.093627        0.490989      796
0.094486        0.490323      797
0.096341        0.416152      798
0.093909        0.408823      799
0.095852        0.469368      800
0.092310        0.470778      801
0.094149        0.541147      802
0.092743        0.465833      803
0.098441        0.601702      804
0.094840        0.393974      805
0.095258        0.399043      806
0.093581        0.402557      807
0.094081        0.506244      808
0.092141        0.430115      809
0.093868        0.447207      810
0.094043        0.480876      811
0.091648        0.617987      812
0.096144        0.431644      813
0.094922        0.452784      814
0.094655        0.346275      815
0.095318        0.428537      816
0.093660        0.433925      817
0.096300        0.428310      818
0.093486        0.431567      819
0.093688        0.406022      820
0.094594        0.404705      821
0.094596        0.434386      822
0.095334        0.497840      823
0.095808        0.471431      824
0.090781        0.436471      825
0.093239        0.461716      826
0.093471        0.465882      827
0.093611        0.443581      828
0.093947        0.344985      829
0.093893        0.367819      830
0.093842        0.363295      831
0.094975        0.495997      832
0.095122        0.428589      833
0.096489        0.385362      834
0.095558        0.556625      835
0.093460        0.426586      836
0.094777        0.498401      837
0.093146        0.463208      838
0.091060        0.484901      839
0.091254        0.545838      840
0.096429        0.524052      841
0.096676        0.407582      842
0.093447        0.517076      843
0.092762        0.508455      844
0.095278        0.536986      845
0.094294        0.472237      846
0.093946        0.504105      847
0.092778        0.420305      848
0.096221        0.493245      849
0.092670        0.344980      850
0.090936        0.518713      851
0.095239        0.485357      852
0.091928        0.472471      853
0.092546        0.414196      854
0.092523        0.396959      855
0.096603        0.449942      856
0.094225        0.461671      857
0.091719        0.455672      858
0.091803        0.434780      859
0.093389        0.466449      860
0.095127        0.451376      861
0.093473        0.396634      862
0.096605        0.492630      863
0.095195        0.396815      864
0.093659        0.496727      865
0.093841        0.360827      866
0.090357        0.396917      867
0.092203        0.447459      868
0.093668        0.491567      869
0.094122        0.505665      870
0.092788        0.427057      871
0.093727        0.444077      872
0.090796        0.412510      873
0.092449        0.371072      874
0.096696        0.456878      875
0.093502        0.397006      876
0.092868        0.529936      877
0.091397        0.401351      878
0.091152        0.509052      879
0.091715        0.526945      880
0.094281        0.408755      881
0.091849        0.384991      882
0.094988        0.413906      883
0.091753        0.438947      884
0.094017        0.413860      885
0.091652        0.437658      886
0.090864        0.446030      887
0.091145        0.390208      888
0.094302        0.419256      889
0.091452        0.381875      890
0.095338        0.500582      891
0.091993        0.501108      892
0.092735        0.426882      893
0.091966        0.457312      894
0.093946        0.415091      895
0.093590        0.373502      896
0.095589        0.422507      897
0.093180        0.420020      898
0.096078        0.386065      899
0.091254        0.463944      900
0.089897        0.432528      901
0.095145        0.387530      902
0.092095        0.523950      903
0.090558        0.448597      904
0.093293        0.551515      905
0.089962        0.462197      906
0.090356        0.360015      907
0.092058        0.416985      908
0.093871        0.312888      909
0.092799        0.388814      910
0.090977        0.431768      911
0.092733        0.422521      912
0.092233        0.470740      913
0.092679        0.529188      914
0.094466        0.463882      915
0.090809        0.489342      916
0.093192        0.471132      917
0.092610        0.439817      918
0.090883        0.468521      919
0.091337        0.452749      920
0.093461        0.448565      921
0.091637        0.438474      922
0.092058        0.491791      923
0.091856        0.551174      924
0.092130        0.390424      925
0.092492        0.284454      926
0.091546        0.587152      927
0.093001        0.441048      928
0.091870        0.414493      929
0.090203        0.329557      930
0.091618        0.444228      931
0.089727        0.502746      932
0.091563        0.415482      933
0.092513        0.421705      934
0.094914        0.476576      935
0.089621        0.428638      936
0.092889        0.444124      937
0.090668        0.535508      938
0.088517        0.439241      939
0.091533        0.356586      940
0.092820        0.457626      941
0.090150        0.433631      942
0.094104        0.544501      943
0.092032        0.385545      944
0.092393        0.515126      945
0.089656        0.419842      946
0.092214        0.483171      947
0.094378        0.420984      948
0.091576        0.389116      949
0.092274        0.425691      950
0.093240        0.441739      951
0.091077        0.471846      952
0.092596        0.434378      953
0.093628        0.521075      954
0.091338        0.450902      955
0.091173        0.465071      956
0.092435        0.504768      957
0.092711        0.422942      958
0.092560        0.422632      959
0.089747        0.394528      960
0.092120        0.510216      961
0.092714        0.464048      962
0.091480        0.477297      963
0.092856        0.472442      964
0.089800        0.533571      965
0.089858        0.460698      966
0.092562        0.428447      967
0.093134        0.437272      968
0.092087        0.522206      969
0.090503        0.389482      970
0.093231        0.431646      971
0.092813        0.428005      972
0.090933        0.423477      973
0.094155        0.448352      974
0.090061        0.442386      975
0.091421        0.367533      976
0.094288        0.348082      977
0.091630        0.409868      978
0.087961        0.444699      979
0.092512        0.449036      980
0.088946        0.450694      981
0.091304        0.452648      982
0.092096        0.449229      983
0.094113        0.381441      984
0.091432        0.411926      985
0.092759        0.390902      986
0.092610        0.386634      987
0.093319        0.331045      988
0.091267        0.373228      989
0.090227        0.436568      990
0.090920        0.404825      991
0.092820        0.350883      992
0.090601        0.474861      993
0.089311        0.441607      994
0.089676        0.456631      995
0.090397        0.404029      996
0.089946        0.272661      997
0.094872        0.371023      998
0.090420        0.328101      999
0.091318        0.448062      1000
