0.234823        0.708901      1
0.194334        0.230814      2
0.189803        0.182774      3
0.188628        0.186990      4
0.189409        0.180893      5
0.187833        0.201431      6
0.189086        0.175982      7
0.188726        0.174936      8
0.187925        0.177895      9
0.187462        0.170815      10
0.188325        0.179170      11
0.187808        0.166990      12
0.187497        0.161197      13
0.187118        0.161457      14
0.186913        0.152339      15
0.186884        0.154353      16
0.187291        0.153236      17
0.186139        0.165176      18
0.186154        0.168340      19
0.184704        0.145086      20
0.183990        0.143246      21
0.184453        0.136633      22
0.181767        0.137444      23
0.183968        0.169284      24
0.181276        0.146793      25
0.181189        0.159810      26
0.180427        0.176419      27
0.180773        0.156868      28
0.178918        0.177490      29
0.178002        0.206680      30
0.177008        0.205211      31
0.175784        0.181636      32
0.177208        0.283798      33
0.176408        0.192527      34
0.171547        0.216545      35
0.170570        0.302043      36
0.173969        0.334409      37
0.168690        0.267956      38
0.171310        0.345241      39
0.168582        0.372430      40
0.167534        0.366026      41
0.170908        0.406530      42
0.168006        0.298506      43
0.167295        0.327889      44
0.166963        0.318156      45
0.165583        0.391603      46
0.165381        0.331256      47
0.163386        0.402126      48
0.164336        0.440544      49
0.163616        0.279726      50
0.164359        0.291992      51
0.162885        0.442782      52
0.164699        0.304586      53
0.162318        0.389614      54
0.163030        0.331037      55
0.162333        0.314168      56
0.162011        0.328746      57
0.158881        0.331872      58
0.159764        0.470676      59
0.159334        0.358308      60
0.161008        0.356031      61
0.155054        0.345173      62
0.159798        0.456350      63
0.157716        0.352650      64
0.156858        0.283581      65
0.157770        0.341360      66
0.156513        0.384131      67
0.158356        0.362091      68
0.159198        0.314184      69
0.156338        0.340903      70
0.154081        0.419396      71
0.155281        0.413005      72
0.154860        0.310215      73
0.154348        0.402271      74
0.154841        0.344821      75
0.157591        0.366387      76
0.153797        0.278157      77
0.153681        0.415487      78
0.153217        0.321529      79
0.157112        0.384093      80
0.156236        0.278128      81
0.155660        0.429041      82
0.154570        0.390461      83
0.154113        0.424502      84
0.153752        0.285247      85
0.152813        0.443617      86
0.154782        0.408639      87
0.153321        0.375847      88
0.153453        0.364814      89
0.154012        0.428381      90
0.155263        0.337265      91
0.152696        0.370500      92
0.150369        0.372776      93
0.152752        0.335287      94
0.149958        0.246470      95
0.150160        0.462725      96
0.150185        0.418897      97
0.151383        0.368411      98
0.152667        0.362611      99
0.151215        0.381319      100
0.147825        0.368799      101
0.152643        0.326561      102
0.150385        0.369622      103
0.151694        0.409253      104
0.148969        0.286947      105
0.149893        0.384790      106
0.149473        0.346547      107
0.148957        0.342974      108
0.151326        0.403212      109
0.149503        0.211653      110
0.150315        0.320162      111
0.149379        0.320666      112
0.148718        0.386211      113
0.147866        0.345538      114
0.149276        0.323525      115
0.148985        0.375180      116
0.150129        0.231410      117
0.149172        0.286648      118
0.148713        0.237472      119
0.148746        0.308729      120
0.147667        0.326987      121
0.148002        0.330265      122
0.148144        0.362518      123
0.148750        0.289462      124
0.147960        0.321320      125
0.146051        0.320148      126
0.149486        0.335482      127
0.144500        0.296772      128
0.147440        0.296260      129
0.144771        0.407434      130
0.146778        0.383975      131
0.148859        0.228159      132
0.147427        0.260825      133
0.147117        0.304585      134
0.147679        0.252940      135
0.146381        0.348641      136
0.145846        0.260362      137
0.143950        0.288621      138
0.147700        0.375093      139
0.146276        0.324787      140
0.145295        0.288442      141
0.146182        0.312713      142
0.148048        0.274839      143
0.144978        0.306589      144
0.145631        0.274465      145
0.142737        0.265058      146
0.142784        0.314240      147
0.148715        0.337823      148
0.146114        0.205034      149
0.145318        0.313392      150
0.146297        0.258786      151
0.143388        0.235817      152
0.144471        0.240456      153
0.144608        0.266898      154
0.142360        0.218102      155
0.142257        0.211762      156
0.142138        0.286377      157
0.146129        0.241448      158
0.146364        0.231287      159
0.145258        0.186661      160
0.140390        0.240948      161
0.141725        0.298714      162
0.145108        0.245147      163
0.144011        0.309243      164
0.141911        0.311360      165
0.143234        0.240343      166
0.143742        0.295096      167
0.141161        0.234167      168
0.143047        0.246333      169
0.142152        0.301449      170
0.143100        0.261932      171
0.140495        0.226673      172
0.142147        0.285903      173
0.143184        0.249070      174
0.141075        0.231997      175
0.141626        0.238092      176
0.143289        0.210236      177
0.142977        0.214088      178
0.139791        0.310258      179
0.138973        0.216571      180
0.141750        0.217203      181
0.143493        0.254161      182
0.144321        0.189163      183
0.142533        0.228449      184
0.142069        0.265717      185
0.142064        0.254988      186
0.140089        0.213021      187
0.140487        0.262429      188
0.141252        0.265260      189
0.138491        0.183411      190
0.140831        0.238786      191
0.140308        0.293722      192
0.138369        0.216808      193
0.138923        0.217163      194
0.138840        0.221687      195
0.137978        0.196812      196
0.138634        0.228966      197
0.136220        0.263668      198
0.136897        0.221025      199
0.137850        0.298564      200
0.137243        0.235161      201
0.137170        0.293397      202
0.137077        0.282767      203
0.137632        0.224534      204
0.138362        0.220652      205
0.139734        0.244569      206
0.136689        0.242524      207
0.135399        0.272052      208
0.138694        0.302780      209
0.138631        0.283728      210
0.136313        0.262349      211
0.136263        0.234568      212
0.136869        0.262574      213
0.135210        0.259215      214
0.133565        0.311672      215
0.137669        0.277126      216
0.136697        0.229066      217
0.134524        0.233565      218
0.134629        0.219921      219
0.134865        0.258217      220
0.135407        0.207501      221
0.135836        0.258680      222
0.136339        0.273419      223
0.135236        0.281275      224
0.136670        0.240875      225
0.136064        0.241921      226
0.135788        0.185256      227
0.134166        0.229465      228
0.137025        0.266328      229
0.134834        0.245691      230
0.132372        0.235503      231
0.134683        0.262221      232
0.135319        0.274732      233
0.132654        0.256460      234
0.136411        0.265009      235
0.134843        0.265262      236
0.132438        0.202731      237
0.134306        0.287564      238
0.136648        0.213853      239
0.133691        0.217131      240
0.130059        0.247366      241
0.133925        0.301571      242
0.131394        0.287368      243
0.133472        0.323786      244
0.131266        0.254485      245
0.132768        0.239870      246
0.131984        0.266288      247
0.132334        0.280232      248
0.132234        0.282238      249
0.131658        0.273163      250
0.130351        0.304122      251
0.133332        0.339030      252
0.132741        0.251767      253
0.129981        0.295581      254
0.130400        0.259594      255
0.132458        0.277199      256
0.132605        0.293197      257
0.132518        0.214447      258
0.132519        0.305874      259
0.129729        0.294181      260
0.130231        0.279239      261
0.131573        0.284244      262
0.129973        0.348639      263
0.127656        0.299166      264
0.130821        0.304019      265
0.128792        0.285365      266
0.128253        0.286932      267
0.131132        0.327026      268
0.127646        0.264553      269
0.130905        0.288911      270
0.131149        0.310601      271
0.128612        0.282594      272
0.129610        0.295179      273
0.129814        0.287752      274
0.128225        0.249868      275
0.128222        0.289640      276
0.130876        0.318277      277
0.129912        0.285223      278
0.129192        0.321895      279
0.129933        0.284405      280
0.127553        0.297763      281
0.125082        0.277641      282
0.128806        0.281065      283
0.128804        0.327722      284
0.128950        0.329665      285
0.131312        0.259442      286
0.128621        0.267145      287
0.130158        0.326557      288
0.126713        0.298343      289
0.125578        0.262055      290
0.127471        0.330426      291
0.128392        0.355686      292
0.127097        0.294758      293
0.128300        0.288620      294
0.129939        0.291891      295
0.127650        0.263717      296
0.126857        0.261908      297
0.126694        0.321149      298
0.129963        0.305400      299
0.126747        0.284187      300
0.128210        0.269015      301
0.129514        0.319205      302
0.128701        0.281730      303
0.127228        0.303814      304
0.128617        0.292428      305
0.125778        0.293418      306
0.130299        0.328169      307
0.131426        0.319764      308
0.128143        0.213161      309
0.125856        0.293066      310
0.126149        0.263133      311
0.127668        0.317345      312
0.124165        0.242570      313
0.126460        0.318684      314
0.127562        0.258253      315
0.127323        0.286147      316
0.126096        0.319510      317
0.126877        0.324365      318
0.125654        0.275214      319
0.128105        0.307749      320
0.125148        0.333115      321
0.126600        0.309005      322
0.126393        0.286916      323
0.126330        0.236848      324
0.124767        0.292101      325
0.124463        0.304246      326
0.127396        0.321372      327
0.124434        0.379852      328
0.125067        0.300249      329
0.123336        0.320693      330
0.125878        0.367619      331
0.125441        0.274505      332
0.125505        0.324713      333
0.126241        0.287238      334
0.125829        0.339572      335
0.126119        0.289532      336
0.126926        0.326017      337
0.125078        0.310742      338
0.123436        0.317989      339
0.124940        0.333572      340
0.127831        0.321682      341
0.124643        0.252607      342
0.125159        0.301998      343
0.125018        0.346582      344
0.127169        0.351296      345
0.127522        0.285154      346
0.124833        0.355019      347
0.127189        0.389688      348
0.125889        0.337322      349
0.123914        0.297981      350
0.122503        0.347495      351
0.124706        0.360541      352
0.123984        0.339376      353
0.124379        0.361166      354
0.125341        0.365129      355
0.122675        0.412041      356
0.122851        0.356216      357
0.124073        0.321811      358
0.124751        0.313481      359
0.127286        0.330677      360
0.125478        0.266931      361
0.124336        0.245694      362
0.124039        0.295805      363
0.124597        0.368649      364
0.123941        0.310663      365
0.121275        0.333693      366
0.123066        0.336510      367
0.122640        0.286395      368
0.124723        0.296717      369
0.121170        0.308699      370
0.124324        0.365027      371
0.122498        0.315615      372
0.124352        0.290466      373
0.125866        0.350814      374
0.121276        0.302537      375
0.121161        0.329008      376
0.123368        0.316152      377
0.123538        0.319219      378
0.120217        0.308744      379
0.123667        0.330699      380
0.122778        0.241793      381
0.123038        0.331703      382
0.120395        0.326784      383
0.121160        0.354365      384
0.122102        0.331578      385
0.121544        0.353843      386
0.122280        0.334779      387
0.124512        0.390160      388
0.123224        0.306274      389
0.123561        0.336507      390
0.123285        0.306397      391
0.122732        0.318536      392
0.123038        0.365594      393
0.123816        0.287397      394
0.123225        0.292847      395
0.121267        0.279287      396
0.121192        0.334710      397
0.122579        0.346097      398
0.120319        0.326468      399
0.120855        0.361629      400
0.121518        0.348025      401
0.121408        0.334168      402
0.122648        0.291840      403
0.123402        0.328361      404
0.122948        0.340974      405
0.121398        0.297078      406
0.118736        0.374638      407
0.120560        0.354325      408
0.121425        0.332948      409
0.122659        0.334566      410
0.121114        0.353245      411
0.120023        0.359650      412
0.120163        0.374147      413
0.120060        0.424507      414
0.117586        0.365892      415
0.120137        0.346696      416
0.121548        0.395808      417
0.119781        0.298589      418
0.121439        0.314949      419
0.119151        0.313232      420
0.119348        0.387691      421
0.119192        0.325313      422
0.119886        0.392208      423
0.119273        0.413134      424
0.119928        0.410728      425
0.119381        0.385715      426
0.119995        0.381319      427
0.121515        0.361500      428
0.120492        0.392297      429
0.121752        0.393209      430
0.118535        0.332217      431
0.120945        0.399928      432
0.118578        0.370810      433
0.117922        0.370818      434
0.118366        0.327626      435
0.118234        0.388631      436
0.120927        0.412681      437
0.117321        0.329913      438
0.119233        0.476489      439
0.118938        0.377571      440
0.119632        0.384721      441
0.118703        0.363506      442
0.120016        0.424255      443
0.117021        0.395921      444
0.119691        0.363230      445
0.117896        0.385418      446
0.116982        0.377792      447
0.117219        0.329514      448
0.119164        0.400803      449
0.120582        0.386009      450
0.119320        0.385525      451
0.119490        0.402897      452
0.115810        0.383769      453
0.117945        0.350834      454
0.116613        0.360671      455
0.119578        0.390334      456
0.115478        0.340256      457
0.117922        0.516543      458
0.115960        0.535293      459
0.116429        0.466963      460
0.118011        0.363166      461
0.118804        0.363037      462
0.116748        0.328734      463
0.117971        0.398023      464
0.114522        0.472662      465
0.119422        0.372872      466
0.117327        0.307510      467
0.118995        0.360443      468
0.116160        0.347033      469
0.116168        0.398686      470
0.118689        0.442185      471
0.116759        0.410145      472
0.118534        0.364763      473
0.114484        0.458046      474
0.117914        0.301579      475
0.117141        0.339027      476
0.115883        0.436813      477
0.113643        0.405388      478
0.115629        0.383955      479
0.118270        0.411118      480
0.115814        0.303336      481
0.117588        0.343278      482
0.117533        0.300644      483
0.116976        0.278956      484
0.116922        0.372602      485
0.116048        0.361137      486
0.113228        0.417965      487
0.119027        0.470706      488
0.116679        0.399440      489
0.117341        0.385532      490
0.111998        0.362018      491
0.118284        0.393653      492
0.118980        0.508877      493
0.117105        0.338009      494
0.114830        0.409578      495
0.113785        0.359851      496
0.117419        0.490995      497
0.115335        0.402843      498
0.115553        0.365341      499
0.115536        0.377506      500
0.113580        0.343824      501
0.117435        0.430836      502
0.114293        0.438112      503
0.112982        0.338793      504
0.114542        0.347150      505
0.113542        0.412438      506
0.116400        0.449334      507
0.116381        0.395187      508
0.114721        0.412750      509
0.116692        0.443245      510
0.113000        0.419683      511
0.113461        0.429778      512
0.114972        0.418622      513
0.115037        0.461922      514
0.115102        0.329768      515
0.113589        0.363949      516
0.114922        0.488705      517
0.114871        0.410795      518
0.112389        0.517322      519
0.112768        0.477013      520
0.112095        0.401092      521
0.113376        0.422462      522
0.117844        0.441990      523
0.112454        0.420575      524
0.113691        0.394056      525
0.109643        0.416018      526
0.116175        0.482289      527
0.112073        0.423646      528
0.113632        0.460916      529
0.111608        0.316947      530
0.113476        0.314335      531
0.113731        0.510943      532
0.112480        0.418356      533
0.111069        0.483284      534
0.115290        0.352204      535
0.111922        0.357163      536
0.111295        0.416143      537
0.113520        0.413393      538
0.109844        0.386407      539
0.109837        0.480008      540
0.111551        0.377074      541
0.112413        0.479341      542
0.109017        0.377691      543
0.114048        0.547634      544
0.111039        0.450879      545
0.115183        0.423442      546
0.114541        0.392805      547
0.111859        0.400402      548
0.113851        0.425890      549
0.110365        0.390315      550
0.109970        0.386221      551
0.110510        0.494850      552
0.111673        0.429594      553
0.114505        0.340124      554
0.113136        0.303583      555
0.111427        0.470925      556
0.112324        0.368491      557
0.111006        0.399004      558
0.112964        0.415421      559
0.111732        0.334330      560
0.110686        0.406827      561
0.111490        0.409082      562
0.110634        0.448956      563
0.109982        0.416494      564
0.109773        0.451414      565
0.110828        0.391345      566
0.110520        0.337016      567
0.113236        0.393267      568
0.109251        0.366695      569
0.108228        0.373654      570
0.111953        0.442243      571
0.112746        0.390525      572
0.106774        0.372943      573
0.109173        0.433619      574
0.111030        0.373725      575
0.110518        0.322145      576
0.110570        0.428927      577
0.108377        0.472735      578
0.107829        0.514633      579
0.111624        0.439124      580
0.108195        0.509111      581
0.111845        0.474387      582
0.110356        0.383048      583
0.110214        0.581193      584
0.111020        0.407883      585
0.110702        0.528659      586
0.113418        0.440813      587
0.111102        0.351943      588
0.107415        0.411411      589
0.112058        0.526118      590
0.107496        0.455900      591
0.107896        0.406736      592
0.109077        0.460284      593
0.112029        0.445478      594
0.108879        0.467699      595
0.107632        0.360887      596
0.107776        0.476038      597
0.109654        0.348380      598
0.109569        0.440461      599
0.108546        0.433217      600
0.109809        0.316472      601
0.110613        0.450865      602
0.107504        0.500983      603
0.109229        0.525853      604
0.107610        0.375750      605
0.110357        0.485365      606
0.110748        0.482859      607
0.110973        0.451763      608
0.108073        0.411635      609
0.107580        0.384180      610
0.102716        0.333155      611
0.109838        0.439551      612
0.104941        0.414606      613
0.107173        0.351875      614
0.105999        0.393081      615
0.107760        0.553897      616
0.107911        0.439657      617
0.105537        0.463666      618
0.109121        0.503017      619
0.109727        0.382321      620
0.107932        0.413572      621
0.105605        0.381659      622
0.107612        0.569304      623
0.109934        0.438925      624
0.105431        0.377984      625
0.105509        0.510176      626
0.107500        0.522843      627
0.104987        0.478144      628
0.106339        0.409624      629
0.109162        0.486744      630
0.108580        0.402060      631
0.105839        0.438157      632
0.107103        0.419701      633
0.107177        0.414046      634
0.107652        0.439009      635
0.105688        0.418074      636
0.107109        0.412238      637
0.109265        0.351645      638
0.108860        0.368299      639
0.103415        0.380831      640
0.106135        0.529220      641
0.105205        0.380190      642
0.107358        0.363451      643
0.106316        0.506601      644
0.109621        0.440175      645
0.105494        0.389107      646
0.104866        0.400619      647
0.108514        0.388496      648
0.108266        0.334667      649
0.106522        0.355683      650
0.105901        0.389255      651
0.109531        0.377494      652
0.105631        0.423312      653
0.109127        0.496694      654
0.106149        0.305489      655
0.107130        0.432035      656
0.110725        0.471716      657
0.106697        0.401192      658
0.106750        0.403853      659
0.103893        0.413248      660
0.105020        0.396848      661
0.106756        0.446489      662
0.102044        0.377056      663
0.106013        0.333736      664
0.107060        0.432284      665
0.103643        0.454358      666
0.105430        0.469225      667
0.104320        0.481817      668
0.107541        0.431981      669
0.104334        0.332957      670
0.103672        0.456510      671
0.107487        0.492166      672
0.104124        0.372722      673
0.103651        0.534222      674
0.103849        0.358049      675
0.104196        0.483051      676
0.103118        0.371450      677
0.103595        0.555997      678
0.106470        0.421201      679
0.105691        0.309480      680
0.105784        0.486172      681
0.103277        0.373245      682
0.104549        0.359992      683
0.103100        0.489613      684
0.103623        0.334051      685
0.105843        0.449472      686
0.105307        0.341045      687
0.105784        0.464054      688
0.103718        0.442538      689
0.103715        0.390544      690
0.103917        0.454394      691
0.105641        0.444352      692
0.102928        0.384768      693
0.104276        0.393670      694
0.104867        0.318840      695
0.107378        0.414088      696
0.106664        0.363009      697
0.102687        0.374504      698
0.101672        0.405384      699
0.102500        0.445392      700
0.103362        0.374042      701
0.106106        0.493292      702
0.102087        0.365666      703
0.106758        0.457269      704
0.105428        0.343069      705
0.103919        0.400808      706
0.105659        0.521910      707
0.102280        0.318501      708
0.107114        0.454681      709
0.103966        0.420349      710
0.104177        0.363394      711
0.106137        0.442033      712
0.102919        0.370119      713
0.101926        0.416323      714
0.103680        0.319335      715
0.102742        0.505146      716
0.104551        0.426417      717
0.101821        0.433627      718
0.103180        0.452806      719
0.102406        0.361696      720
0.102761        0.289110      721
0.102998        0.350636      722
0.101284        0.464853      723
0.102128        0.314538      724
0.103606        0.398849      725
0.104911        0.501616      726
0.105184        0.438103      727
0.104097        0.409203      728
0.102921        0.414910      729
0.105130        0.374288      730
0.102152        0.351980      731
0.102159        0.313592      732
0.102094        0.357282      733
0.104545        0.372051      734
0.104961        0.369110      735
0.102033        0.381968      736
0.102983        0.444789      737
0.100721        0.411566      738
0.101542        0.436570      739
0.104268        0.320671      740
0.101223        0.393532      741
0.102430        0.434366      742
0.103355        0.389975      743
0.101575        0.435032      744
0.104072        0.421019      745
0.101872        0.346689      746
0.104058        0.354529      747
0.103423        0.383293      748
0.104265        0.387918      749
0.100844        0.388012      750
0.102049        0.421821      751
0.099785        0.385787      752
0.102006        0.481878      753
0.101675        0.426675      754
0.102735        0.351200      755
0.101251        0.432878      756
0.101483        0.459573      757
0.104568        0.319226      758
0.101917        0.440278      759
0.102620        0.370069      760
0.102644        0.362075      761
0.101862        0.341315      762
0.104088        0.480281      763
0.101056        0.373439      764
0.105148        0.376964      765
0.100914        0.430236      766
0.101070        0.352536      767
0.102052        0.422634      768
0.104159        0.342973      769
0.103624        0.470302      770
0.104621        0.428132      771
0.100725        0.297616      772
0.099462        0.442558      773
0.101342        0.445236      774
0.102939        0.449494      775
0.100702        0.430307      776
0.099649        0.400425      777
0.101952        0.417535      778
0.099462        0.362640      779
0.105641        0.326174      780
0.101846        0.469224      781
0.102799        0.308110      782
0.100823        0.423590      783
0.100580        0.388825      784
0.100530        0.440023      785
0.100871        0.406628      786
0.100679        0.380086      787
0.098895        0.423193      788
0.099063        0.390385      789
0.101429        0.470904      790
0.100343        0.304092      791
0.103003        0.360011      792
0.102181        0.336009      793
0.100639        0.355619      794
0.101347        0.349804      795
0.098785        0.447233      796
0.099800        0.403980      797
0.101415        0.437714      798
0.102109        0.379473      799
0.099801        0.413442      800
0.100468        0.335444      801
0.097556        0.442232      802
0.101644        0.477884      803
0.099772        0.440434      804
0.101868        0.478150      805
0.098930        0.418463      806
0.102687        0.460179      807
0.101288        0.445113      808
0.098223        0.412910      809
0.102452        0.590278      810
0.098044        0.292482      811
0.100429        0.423417      812
0.097434        0.462262      813
0.100976        0.393242      814
0.098662        0.378213      815
0.098402        0.399271      816
0.100020        0.469881      817
0.101438        0.425432      818
0.102364        0.506945      819
0.100038        0.468290      820
0.101096        0.437411      821
0.100207        0.424082      822
0.098253        0.477058      823
0.096991        0.456273      824
0.098483        0.425575      825
0.102330        0.403515      826
0.099979        0.353730      827
0.099198        0.337378      828
0.097086        0.413161      829
0.102172        0.475753      830
0.098710        0.361766      831
0.102074        0.353173      832
0.102961        0.336456      833
0.099309        0.299455      834
0.098756        0.302810      835
0.099775        0.457481      836
0.099692        0.348889      837
0.099350        0.378052      838
0.096552        0.343699      839
0.099997        0.454264      840
0.099448        0.477917      841
0.098825        0.419266      842
0.098848        0.374625      843
0.098772        0.395589      844
0.098637        0.423497      845
0.100881        0.454392      846
0.100053        0.384273      847
0.098541        0.442755      848
0.099151        0.314120      849
0.098956        0.415335      850
0.097742        0.438077      851
0.098951        0.336600      852
0.103614        0.359269      853
0.101596        0.394881      854
0.098754        0.406499      855
0.099050        0.310757      856
0.100820        0.411851      857
0.096531        0.420499      858
0.102402        0.410791      859
0.098250        0.346874      860
0.099418        0.446259      861
0.099464        0.319723      862
0.097143        0.360079      863
0.100870        0.389450      864
0.100938        0.350578      865
0.100908        0.353539      866
0.098000        0.363097      867
0.098204        0.419949      868
0.097494        0.372544      869
0.096919        0.375727      870
0.097268        0.431123      871
0.100256        0.397969      872
0.101103        0.471643      873
0.101943        0.402790      874
0.097606        0.495339      875
0.099588        0.393142      876
0.098494        0.360283      877
0.097865        0.398301      878
0.101256        0.481143      879
0.097569        0.383936      880
0.094088        0.376540      881
0.096866        0.434769      882
0.101607        0.442247      883
0.097905        0.477723      884
0.101929        0.360644      885
0.099899        0.406659      886
0.101128        0.266532      887
0.097720        0.406324      888
0.096282        0.382961      889
0.098803        0.443325      890
0.098932        0.419444      891
0.097877        0.435708      892
0.098119        0.331135      893
0.096471        0.436060      894
0.098206        0.414650      895
0.099008        0.463501      896
0.099830        0.412520      897
0.099408        0.439717      898
0.096572        0.363054      899
0.097206        0.558840      900
0.101246        0.437335      901
0.098330        0.373352      902
0.096852        0.264869      903
0.096235        0.401201      904
0.100613        0.382731      905
0.099009        0.392150      906
0.097196        0.412197      907
0.096559        0.360488      908
0.098265        0.349965      909
0.099370        0.376831      910
0.098793        0.398289      911
0.096612        0.333857      912
0.094564        0.413811      913
0.098074        0.410336      914
0.096337        0.443703      915
0.098081        0.430410      916
0.097050        0.352652      917
0.097116        0.386780      918
0.100469        0.338868      919
0.097492        0.418401      920
0.098171        0.409711      921
0.098287        0.401638      922
0.097341        0.367196      923
0.099328        0.413219      924
0.099940        0.327114      925
0.098396        0.323559      926
0.096140        0.433616      927
0.096407        0.477174      928
0.097006        0.247473      929
0.096816        0.392980      930
0.100472        0.415909      931
0.099162        0.378873      932
0.097277        0.334785      933
0.095126        0.370400      934
0.096729        0.403368      935
0.096827        0.352572      936
0.097653        0.373647      937
0.099222        0.413339      938
0.101791        0.293453      939
0.099261        0.333252      940
0.098949        0.362469      941
0.095925        0.351105      942
0.095307        0.368882      943
0.097138        0.413317      944
0.098794        0.326765      945
0.100572        0.443447      946
0.097738        0.438105      947
0.097058        0.335001      948
0.099471        0.406617      949
0.100325        0.400271      950
0.098418        0.304305      951
0.095255        0.365297      952
0.095428        0.342804      953
0.094945        0.425007      954
0.099638        0.340259      955
0.096756        0.365674      956
0.096016        0.392593      957
0.098026        0.401698      958
0.097757        0.454781      959
0.093157        0.329009      960
0.096621        0.357293      961
0.097323        0.446103      962
0.100791        0.422800      963
0.094149        0.349396      964
0.096460        0.418505      965
0.094652        0.378247      966
0.096422        0.399549      967
0.093410        0.372965      968
0.098050        0.393285      969
0.099675        0.433985      970
0.098651        0.371516      971
0.098063        0.362792      972
0.096688        0.399315      973
0.096300        0.384319      974
0.098403        0.370172      975
0.096940        0.326382      976
0.097200        0.458040      977
0.096313        0.370277      978
0.097926        0.361964      979
0.094929        0.404491      980
0.100438        0.482165      981
0.094129        0.409546      982
0.094153        0.391760      983
0.095805        0.352026      984
0.100314        0.582686      985
0.099172        0.291178      986
0.097162        0.429739      987
0.096784        0.435500      988
0.098494        0.496308      989
0.096040        0.362732      990
0.094394        0.448979      991
0.097029        0.309837      992
0.094505        0.473100      993
0.095824        0.454636      994
0.094535        0.334303      995
0.095340        0.415485      996
0.096738        0.453497      997
0.099006        0.404534      998
0.097030        0.425129      999
0.095708        0.351707      1000
