0.502975        0.801575      1
0.156805        0.167589      2
0.135220        0.126044      3
0.126343        0.122093      4
0.120083        0.119431      5
0.114923        0.119635      6
0.110290        0.117364      7
0.104432        0.109198      8
0.099601        0.101334      9
0.094028        0.094233      10
0.089254        0.085111      11
0.085040        0.078533      12
0.081428        0.073726      13
0.078348        0.070593      14
0.075673        0.068253      15
0.073038        0.065521      16
0.070495        0.062550      17
0.068106        0.060101      18
0.065912        0.058489      19
0.063921        0.057340      20
0.062088        0.056212      21
0.060375        0.055070      22
0.058776        0.053973      23
0.057309        0.052942      24
0.055974        0.051993      25
0.054749        0.051135      26
0.053616        0.050368      27
0.052559        0.049691      28
0.051571        0.049096      29
0.050646        0.048577      30
0.049784        0.048126      31
0.048981        0.047734      32
0.048232        0.047387      33
0.047534        0.047075      34
0.046882        0.046791      35
0.046272        0.046527      36
0.045700        0.046281      37
0.045162        0.046049      38
0.044655        0.045829      39
0.044175        0.045620      40
0.043719        0.045421      41
0.043285        0.045231      42
0.042872        0.045050      43
0.042477        0.044876      44
0.042099        0.044709      45
0.041737        0.044550      46
0.041390        0.044396      47
0.041056        0.044246      48
0.040734        0.044101      49
0.040424        0.043959      50
0.040125        0.043820      51
0.039836        0.043682      52
0.039555        0.043545      53
0.039283        0.043408      54
0.039018        0.043271      55
0.038760        0.043132      56
0.038509        0.042993      57
0.038263        0.042852      58
0.038022        0.042709      59
0.037786        0.042564      60
0.037554        0.042418      61
0.037327        0.042269      62
0.037104        0.042118      63
0.036885        0.041966      64
0.036670        0.041814      65
0.036461        0.041661      66
0.036257        0.041509      67
0.036057        0.041359      68
0.035862        0.041209      69
0.035672        0.041061      70
0.035484        0.040913      71
0.035301        0.040765      72
0.035120        0.040618      73
0.034942        0.040470      74
0.034766        0.040322      75
0.034594        0.040174      76
0.034423        0.040026      77
0.034256        0.039877      78
0.034090        0.039729      79
0.033927        0.039580      80
0.033766        0.039431      81
0.033608        0.039282      82
0.033451        0.039133      83
0.033296        0.038985      84
0.033143        0.038836      85
0.032992        0.038689      86
0.032843        0.038542      87
0.032694        0.038396      88
0.032547        0.038253      89
0.032402        0.038113      90
0.032258        0.037980      91
0.032117        0.037854      92
0.031979        0.037734      93
0.031845        0.037619      94
0.031713        0.037506      95
0.031585        0.037395      96
0.031460        0.037285      97
0.031337        0.037177      98
0.031217        0.037071      99
0.031099        0.036966      100
0.030982        0.036862      101
0.030868        0.036760      102
0.030755        0.036659      103
0.030644        0.036561      104
0.030535        0.036463      105
0.030427        0.036368      106
0.030321        0.036273      107
0.030216        0.036181      108
0.030112        0.036090      109
0.030010        0.036001      110
0.029908        0.035914      111
0.029808        0.035829      112
0.029710        0.035745      113
0.029612        0.035664      114
0.029516        0.035586      115
0.029421        0.035510      116
0.029327        0.035436      117
0.029235        0.035365      118
0.029145        0.035296      119
0.029056        0.035230      120
0.028968        0.035166      121
0.028881        0.035103      122
0.028796        0.035043      123
0.028712        0.034984      124
0.028629        0.034927      125
0.028547        0.034871      126
0.028466        0.034816      127
0.028386        0.034763      128
0.028307        0.034711      129
0.028229        0.034661      130
0.028152        0.034611      131
0.028075        0.034562      132
0.028000        0.034515      133
0.027925        0.034468      134
0.027851        0.034422      135
0.027778        0.034377      136
0.027705        0.034333      137
0.027634        0.034290      138
0.027563        0.034247      139
0.027493        0.034205      140
0.027423        0.034164      141
0.027354        0.034123      142
0.027286        0.034083      143
0.027219        0.034043      144
0.027152        0.034004      145
0.027086        0.033965      146
0.027021        0.033927      147
0.026956        0.033889      148
0.026892        0.033851      149
0.026829        0.033814      150
0.026766        0.033777      151
0.026703        0.033740      152
0.026642        0.033703      153
0.026580        0.033667      154
0.026520        0.033630      155
0.026459        0.033594      156
0.026400        0.033558      157
0.026341        0.033522      158
0.026282        0.033487      159
0.026224        0.033451      160
0.026166        0.033416      161
0.026109        0.033380      162
0.026052        0.033345      163
0.025996        0.033309      164
0.025940        0.033274      165
0.025884        0.033239      166
0.025829        0.033204      167
0.025774        0.033169      168
0.025720        0.033134      169
0.025666        0.033099      170
0.025613        0.033064      171
0.025560        0.033029      172
0.025507        0.032994      173
0.025455        0.032959      174
0.025403        0.032924      175
0.025351        0.032890      176
0.025299        0.032855      177
0.025248        0.032820      178
0.025198        0.032785      179
0.025147        0.032750      180
0.025097        0.032715      181
0.025047        0.032681      182
0.024998        0.032646      183
0.024949        0.032611      184
0.024900        0.032576      185
0.024851        0.032541      186
0.024803        0.032507      187
0.024755        0.032472      188
0.024707        0.032437      189
0.024660        0.032403      190
0.024612        0.032368      191
0.024565        0.032333      192
0.024519        0.032299      193
0.024472        0.032264      194
0.024426        0.032230      195
0.024380        0.032196      196
0.024334        0.032161      197
0.024289        0.032127      198
0.024244        0.032093      199
0.024199        0.032059      200
0.024154        0.032026      201
0.024109        0.031992      202
0.024065        0.031958      203
0.024021        0.031925      204
0.023977        0.031891      205
0.023934        0.031858      206
0.023890        0.031825      207
0.023847        0.031792      208
0.023804        0.031759      209
0.023761        0.031726      210
0.023719        0.031694      211
0.023677        0.031661      212
0.023635        0.031629      213
0.023593        0.031597      214
0.023551        0.031564      215
0.023509        0.031532      216
0.023468        0.031500      217
0.023427        0.031469      218
0.023386        0.031437      219
0.023346        0.031405      220
0.023305        0.031374      221
0.023265        0.031342      222
0.023225        0.031311      223
0.023185        0.031280      224
0.023145        0.031249      225
0.023105        0.031218      226
0.023066        0.031187      227
0.023027        0.031157      228
0.022988        0.031126      229
0.022949        0.031095      230
0.022910        0.031065      231
0.022872        0.031035      232
0.022833        0.031005      233
0.022795        0.030974      234
0.022757        0.030944      235
0.022719        0.030914      236
0.022681        0.030885      237
0.022644        0.030855      238
0.022607        0.030825      239
0.022570        0.030795      240
0.022533        0.030766      241
0.022496        0.030736      242
0.022460        0.030707      243
0.022424        0.030677      244
0.022389        0.030648      245
0.022353        0.030618      246
0.022319        0.030589      247
0.022284        0.030559      248
0.022250        0.030529      249
0.022217        0.030499      250
0.022184        0.030468      251
0.022152        0.030437      252
0.022120        0.030406      253
0.022089        0.030373      254
0.022058        0.030340      255
0.022027        0.030304      256
0.021998        0.030268      257
0.021968        0.030229      258
0.021939        0.030188      259
0.021910        0.030145      260
0.021881        0.030099      261
0.021853        0.030051      262
0.021825        0.030001      263
0.021797        0.029950      264
0.021770        0.029896      265
0.021742        0.029840      266
0.021715        0.029784      267
0.021687        0.029726      268
0.021659        0.029669      269
0.021630        0.029610      270
0.021601        0.029553      271
0.021572        0.029495      272
0.021541        0.029439      273
0.021509        0.029384      274
0.021477        0.029331      275
0.021443        0.029280      276
0.021408        0.029230      277
0.021372        0.029182      278
0.021335        0.029135      279
0.021297        0.029089      280
0.021257        0.029044      281
0.021217        0.028998      282
0.021176        0.028950      283
0.021134        0.028900      284
0.021090        0.028846      285
0.021042        0.028783      286
0.020975        0.028696      287
0.020791        0.028492      288
0.020886        0.027639      289
0.021530        0.028890      290
0.021593        0.029518      291
0.021462        0.029250      292
0.021329        0.029150      293
0.021183        0.029215      294
0.021193        0.029296      295
0.021004        0.029076      296
0.021060        0.028888      297
0.020875        0.028766      298
0.021034        0.028823      299
0.020894        0.028978      300
0.020748        0.028610      301
0.020650        0.028512      302
0.020643        0.028577      303
0.020489        0.028313      304
0.020568        0.028416      305
0.020450        0.028200      306
0.020424        0.028108      307
0.020385        0.028047      308
0.020327        0.027845      309
0.020316        0.027735      310
0.020337        0.027851      311
0.020239        0.027306      312
0.020234        0.027156      313
0.021017        0.025998      314
0.021160        0.029117      315
0.020929        0.028685      316
0.020746        0.028632      317
0.020238        0.028680      318
0.020495        0.029569      319
0.020450        0.028284      320
0.020436        0.027906      321
0.020315        0.028082      322
0.020011        0.028245      323
0.020668        0.027249      324
0.020219        0.028526      325
0.019922        0.027953      326
0.020004        0.027828      327
0.020253        0.027885      328
0.020290        0.027485      329
0.020065        0.027695      330
0.019962        0.028133      331
0.020144        0.027874      332
0.020006        0.027301      333
0.019755        0.027861      334
0.020306        0.025997      335
0.020052        0.028759      336
0.020049        0.027689      337
0.019734        0.027202      338
0.020004        0.027510      339
0.019566        0.027205      340
0.019944        0.028390      341
0.019799        0.027053      342
0.019456        0.027954      343
0.019871        0.027558      344
0.020010        0.025170      345
0.019829        0.027505      346
0.019431        0.027492      347
0.019925        0.025220      348
0.019843        0.029676      349
0.019404        0.027570      350
0.019338        0.027526      351
0.020057        0.028285      352
0.019432        0.026696      353
0.019730        0.028850      354
0.019613        0.025614      355
0.019754        0.027437      356
0.019354        0.026799      357
0.019716        0.027241      358
0.019602        0.026704      359
0.019477        0.026801      360
0.019211        0.026921      361
0.019546        0.025780      362
0.019451        0.027372      363
0.018936        0.027151      364
0.019457        0.030944      365
0.019213        0.025580      366
0.019163        0.026016      367
0.019509        0.025701      368
0.019402        0.025915      369
0.019288        0.026027      370
0.018985        0.026279      371
0.019507        0.027406      372
0.019077        0.026175      373
0.018889        0.027011      374
0.019323        0.024846      375
0.019252        0.027411      376
0.018981        0.026723      377
0.019097        0.024814      378
0.019169        0.029154      379
0.019325        0.026798      380
0.018854        0.026119      381
0.019349        0.029579      382
0.019017        0.025726      383
0.018781        0.026375      384
0.019092        0.026217      385
0.019150        0.025522      386
0.018969        0.026034      387
0.018802        0.026145      388
0.018777        0.026051      389
0.018820        0.026772      390
0.018565        0.026342      391
0.018684        0.026295      392
0.018928        0.026038      393
0.018868        0.025550      394
0.018461        0.025844      395
0.018868        0.024789      396
0.018902        0.028014      397
0.018812        0.028364      398
0.019005        0.026369      399
0.018694        0.025313      400
0.018709        0.026715      401
0.018748        0.025953      402
0.018699        0.024720      403
0.018587        0.026945      404
0.018874        0.026489      405
0.018438        0.025307      406
0.018224        0.026718      407
0.018831        0.024750      408
0.018665        0.028118      409
0.018558        0.027156      410
0.018640        0.026555      411
0.018534        0.025672      412
0.018444        0.026796      413
0.018386        0.026120      414
0.018154        0.026422      415
0.018501        0.026039      416
0.018455        0.025338      417
0.018215        0.025517      418
0.018361        0.025394      419
0.017570        0.026203      420
0.018885        0.032686      421
0.018147        0.025312      422
0.018091        0.025469      423
0.018100        0.025240      424
0.018035        0.025121      425
0.018002        0.024964      426
0.017950        0.024860      427
0.017887        0.024776      428
0.018713        0.025248      429
0.018253        0.024911      430
0.018088        0.025133      431
0.018038        0.025345      432
0.017870        0.025395      433
0.018752        0.026649      434
0.018451        0.024932      435
0.018084        0.024909      436
0.017951        0.025024      437
0.018058        0.024540      438
0.018107        0.027322      439
0.017913        0.026545      440
0.017938        0.027017      441
0.018438        0.025149      442
0.018183        0.024805      443
0.017969        0.024963      444
0.017935        0.024769      445
0.017777        0.026733      446
0.017883        0.024412      447
0.017660        0.024838      448
0.018010        0.024764      449
0.018075        0.029232      450
0.017964        0.028628      451
0.017430        0.028164      452
0.018140        0.024417      453
0.017650        0.027742      454
0.017885        0.027190      455
0.017726        0.026698      456
0.017920        0.024389      457
0.017649        0.027318      458
0.017723        0.025852      459
0.017536        0.027173      460
0.017820        0.024437      461
0.017740        0.026540      462
0.017423        0.025050      463
0.017703        0.025459      464
0.017555        0.027807      465
0.017500        0.026336      466
0.017642        0.025072      467
0.017428        0.027596      468
0.017827        0.026747      469
0.017650        0.024467      470
0.017348        0.025717      471
0.017446        0.027376      472
0.017356        0.025349      473
0.017193        0.025415      474
0.017190        0.025332      475
0.017706        0.024456      476
0.017502        0.024268      477
0.017258        0.024807      478
0.017497        0.026372      479
0.017647        0.024728      480
0.017430        0.027630      481
0.017382        0.027061      482
0.017281        0.027167      483
0.017367        0.025569      484
0.017532        0.024233      485
0.017109        0.027121      486
0.017295        0.024635      487
0.017514        0.024912      488
0.017142        0.027301      489
0.017353        0.025228      490
0.017048        0.030096      491
0.017062        0.025277      492
0.017055        0.024679      493
0.017052        0.024506      494
0.017110        0.024687      495
0.017222        0.026490      496
0.017434        0.024395      497
0.017151        0.028050      498
0.017033        0.027467      499
0.017143        0.026570      500
0.017223        0.024179      501
0.016993        0.028046      502
0.017086        0.024469      503
0.017146        0.026417      504
0.016886        0.024274      505
0.017082        0.025339      506
0.016916        0.028384      507
0.016992        0.024617      508
0.016810        0.027632      509
0.017054        0.024140      510
0.016746        0.026604      511
0.016975        0.024133      512
0.016732        0.025335      513
0.017126        0.024907      514
0.016727        0.029005      515
0.016707        0.025444      516
0.016643        0.025508      517
0.016666        0.025039      518
0.016610        0.024679      519
0.016855        0.024490      520
0.016757        0.024168      521
0.016801        0.024118      522
0.016536        0.026942      523
0.017209        0.024753      524
0.016598        0.024755      525
0.016816        0.027247      526
0.016811        0.024671      527
0.016707        0.024209      528
0.016611        0.024477      529
0.016490        0.024572      530
0.017042        0.024225      531
0.016579        0.029791      532
0.016952        0.028435      533
0.016504        0.029655      534
0.016714        0.026773      535
0.016624        0.028741      536
0.016677        0.026984      537
0.016614        0.025139      538
0.016519        0.027527      539
0.016496        0.028265      540
0.016396        0.026051      541
0.016722        0.024170      542
0.016339        0.028419      543
0.016697        0.024784      544
0.016287        0.027881      545
0.016681        0.024054      546
0.016204        0.026935      547
0.016633        0.024092      548
0.016552        0.026517      549
0.016534        0.025567      550
0.016168        0.029424      551
0.016584        0.024105      552
0.016229        0.028098      553
0.016443        0.024175      554
0.016146        0.027217      555
0.016591        0.024301      556
0.016135        0.028079      557
0.016220        0.024087      558
0.016164        0.024037      559
0.016132        0.024025      560
0.016103        0.024022      561
0.016038        0.024021      562
0.016800        0.025025      563
0.016297        0.024488      564
0.016118        0.024538      565
0.016213        0.029639      566
0.016184        0.025909      567
0.016525        0.025010      568
0.016188        0.026945      569
0.016090        0.027017      570
0.015790        0.026997      571
0.016615        0.024260      572
0.016144        0.028170      573
0.016099        0.027301      574
0.015940        0.027208      575
0.016143        0.024302      576
0.016073        0.025398      577
0.015910        0.029584      578
0.015804        0.026267      579
0.015995        0.025993      580
0.016203        0.024345      581
0.015886        0.028452      582
0.016118        0.025004      583
0.015820        0.028427      584
0.015980        0.025721      585
0.016225        0.024027      586
0.015735        0.027856      587
0.016085        0.024566      588
0.016036        0.029576      589
0.015837        0.027545      590
0.015907        0.025804      591
0.015726        0.026102      592
0.015782        0.027539      593
0.016032        0.024248      594
0.015860        0.025552      595
0.015850        0.026268      596
0.015521        0.026541      597
0.016305        0.025922      598
0.015710        0.025904      599
0.015873        0.026199      600
0.015786        0.025163      601
0.015903        0.024034      602
0.015726        0.028024      603
0.015812        0.024437      604
0.015617        0.026089      605
0.015813        0.024408      606
0.015676        0.025391      607
0.015523        0.025858      608
0.016317        0.024509      609
0.015365        0.028655      610
0.015909        0.025279      611
0.015439        0.027962      612
0.015835        0.024306      613
0.015422        0.027518      614
0.015773        0.024211      615
0.015433        0.026792      616
0.015763        0.025156      617
0.015290        0.026700      618
0.015801        0.024421      619
0.015331        0.026440      620
0.015788        0.025193      621
0.015379        0.027851      622
0.015649        0.024191      623
0.015554        0.024864      624
0.015278        0.029079      625
0.015743        0.023989      626
0.015241        0.028827      627
0.015683        0.023972      628
0.015244        0.028171      629
0.015642        0.024358      630
0.015251        0.027305      631
0.015614        0.024932      632
0.015204        0.026863      633
0.015615        0.024679      634
0.015153        0.026415      635
0.015590        0.025604      636
0.015271        0.027409      637
0.015208        0.027835      638
0.015786        0.026040      639
0.015273        0.026079      640
0.015398        0.024478      641
0.015199        0.028232      642
0.015453        0.025827      643
0.015118        0.027772      644
0.015438        0.024489      645
0.015574        0.025907      646
0.014954        0.025927      647
0.015582        0.024251      648
0.014980        0.028687      649
0.015420        0.023988      650
0.014998        0.028083      651
0.015354        0.024469      652
0.015014        0.026789      653
0.015321        0.025447      654
0.014850        0.026543      655
0.015335        0.025047      656
0.015002        0.026757      657
0.014939        0.027101      658
0.015256        0.026706      659
0.015188        0.025802      660
0.014854        0.027948      661
0.015496        0.026617      662
0.015085        0.025817      663
0.015079        0.024535      664
0.015023        0.028516      665
0.015135        0.025392      666
0.015345        0.025962      667
0.014925        0.025954      668
0.015039        0.025041      669
0.014913        0.028591      670
0.015147        0.025421      671
0.014836        0.026459      672
0.015095        0.025436      673
0.014558        0.025794      674
0.014982        0.025676      675
0.015388        0.028150      676
0.014929        0.028268      677
0.014565        0.028749      678
0.015173        0.024069      679
0.014627        0.028439      680
0.015192        0.024007      681
0.014655        0.027769      682
0.015146        0.025503      683
0.014450        0.027850      684
0.014670        0.024251      685
0.014977        0.024379      686
0.015005        0.026007      687
0.014737        0.028624      688
0.014939        0.025289      689
0.014710        0.026325      690
0.014870        0.025724      691
0.014735        0.025648      692
0.014581        0.025555      693
0.015247        0.026317      694
0.014859        0.028006      695
0.014867        0.025831      696
0.014700        0.025316      697
0.014601        0.025464      698
0.014618        0.027969      699
0.014763        0.025492      700
0.014424        0.026769      701
0.014717        0.026018      702
0.014527        0.025416      703
0.014450        0.024050      704
0.014826        0.024435      705
0.014687        0.029702      706
0.014765        0.024103      707
0.014525        0.028384      708
0.014765        0.024255      709
0.014385        0.028073      710
0.014697        0.023987      711
0.014186        0.028180      712
0.014741        0.025356      713
0.014159        0.028751      714
0.014631        0.026280      715
0.014218        0.028591      716
0.014196        0.028413      717
0.015026        0.025002      718
0.014670        0.026133      719
0.014369        0.025632      720
0.014634        0.028422      721
0.014487        0.025211      722
0.014289        0.026361      723
0.014253        0.025774      724
0.014948        0.024577      725
0.014359        0.025383      726
0.014515        0.024110      727
0.014384        0.029235      728
0.014531        0.025029      729
0.014316        0.028443      730
0.014494        0.025544      731
0.013904        0.028422      732
0.014871        0.024460      733
0.014277        0.025758      734
0.014472        0.024189      735
0.014230        0.028660      736
0.014425        0.024788      737
0.014241        0.028113      738
0.014355        0.025867      739
0.013966        0.028430      740
0.013917        0.027778      741
0.014525        0.027215      742
0.014326        0.026131      743
0.014363        0.024709      744
0.014257        0.028745      745
0.014157        0.028054      746
0.014577        0.025869      747
0.014233        0.027317      748
0.014004        0.024677      749
0.014185        0.026069      750
0.013779        0.026986      751
0.014649        0.026023      752
0.014098        0.026216      753
0.014225        0.025561      754
0.014036        0.027493      755
0.013938        0.024944      756
0.014266        0.024953      757
0.013966        0.026154      758
0.014008        0.024326      759
0.014376        0.025475      760
0.014201        0.024924      761
0.014167        0.024226      762
0.014406        0.025611      763
0.014133        0.028195      764
0.013883        0.027532      765
0.014090        0.025560      766
0.013888        0.026881      767
0.014145        0.026367      768
0.013714        0.027455      769
0.014247        0.025100      770
0.013751        0.025227      771
0.014307        0.025147      772
0.013651        0.028176      773
0.014243        0.025411      774
0.013543        0.027978      775
0.014256        0.024713      776
0.013779        0.028094      777
0.013776        0.028101      778
0.013955        0.027859      779
0.014098        0.025848      780
0.013743        0.027580      781
0.013994        0.026180      782
0.013627        0.027583      783
0.014040        0.027696      784
0.013805        0.026296      785
0.013830        0.027356      786
0.013787        0.026131      787
0.013886        0.027291      788
0.013912        0.025859      789
0.013880        0.024759      790
0.013784        0.024047      791
0.014375        0.025158      792
0.013906        0.026204      793
0.013586        0.026876      794
0.014182        0.025426      795
0.013659        0.024194      796
0.013378        0.024696      797
0.014034        0.027010      798
0.013514        0.027579      799
0.013841        0.029436      800
0.014102        0.026500      801
0.013645        0.024785      802
0.013804        0.027188      803
0.013778        0.025529      804
0.013635        0.026769      805
0.013812        0.025922      806
0.013477        0.026806      807
0.013982        0.026194      808
0.013730        0.025728      809
0.013579        0.026990      810
0.013823        0.025977      811
0.013422        0.027577      812
0.013876        0.024791      813
0.013337        0.026883      814
0.013809        0.025843      815
0.013392        0.027147      816
0.013630        0.026160      817
0.013573        0.026957      818
0.013528        0.026067      819
0.013548        0.024560      820
0.013718        0.024712      821
0.013900        0.025602      822
0.013600        0.026356      823
0.013516        0.026069      824
0.013714        0.024377      825
0.013468        0.025354      826
0.013503        0.025026      827
0.013207        0.024537      828
0.013610        0.027687      829
0.013644        0.024996      830
0.013188        0.028208      831
0.013628        0.025290      832
0.013096        0.028546      833
0.013669        0.024655      834
0.013227        0.028014      835
0.013437        0.028312      836
0.013744        0.027584      837
0.013355        0.025979      838
0.013636        0.025617      839
0.013375        0.026071      840
0.013342        0.025636      841
0.013474        0.030578      842
0.013607        0.026743      843
0.013406        0.026890      844
0.013337        0.024698      845
0.013502        0.026169      846
0.012910        0.026024      847
0.013757        0.025612      848
0.013251        0.024912      849
0.012832        0.024671      850
0.013750        0.025430      851
0.012778        0.026568      852
0.013665        0.024880      853
0.012818        0.027049      854
0.013756        0.024155      855
0.012966        0.026232      856
0.013624        0.025019      857
0.013092        0.026893      858
0.013249        0.025577      859
0.013673        0.024992      860
0.012892        0.024402      861
0.013175        0.024670      862
0.012970        0.026061      863
0.012987        0.025057      864
0.013833        0.024167      865
0.012991        0.025350      866
0.012901        0.024489      867
0.013595        0.024567      868
0.013132        0.027495      869
0.012844        0.026836      870
0.013394        0.026158      871
0.013050        0.027113      872
0.013428        0.024246      873
0.013225        0.025650      874
0.012812        0.026157      875
0.013392        0.025626      876
0.012971        0.024274      877
0.013019        0.027438      878
0.012706        0.025829      879
0.013291        0.024528      880
0.012834        0.026991      881
0.012950        0.026685      882
0.013284        0.025915      883
0.012989        0.028388      884
0.012983        0.025921      885
0.013447        0.024507      886
0.012778        0.026111      887
0.012934        0.026440      888
0.013408        0.024160      889
0.012796        0.024441      890
0.012832        0.026794      891
0.012821        0.027677      892
0.013515        0.025495      893
0.012688        0.025309      894
0.012763        0.026995      895
0.012776        0.027322      896
0.013060        0.026045      897
0.012915        0.025254      898
0.012922        0.024723      899
0.013125        0.026021      900
0.012939        0.028727      901
0.013058        0.025708      902
0.012432        0.027405      903
0.013402        0.024432      904
0.012888        0.024495      905
0.012782        0.025616      906
0.012937        0.026133      907
0.012686        0.025470      908
0.013027        0.025564      909
0.012609        0.024603      910
0.012919        0.029253      911
0.012813        0.025292      912
0.012718        0.027655      913
0.012804        0.025513      914
0.012910        0.030006      915
0.012959        0.026631      916
0.012485        0.026017      917
0.013069        0.026135      918
0.012961        0.026676      919
0.012677        0.025843      920
0.012816        0.025359      921
0.012686        0.026782      922
0.012831        0.025100      923
0.012923        0.024825      924
0.012651        0.025240      925
0.012523        0.025052      926
0.012689        0.025872      927
0.012805        0.024420      928
0.012548        0.024474      929
0.012693        0.024577      930
0.012603        0.028248      931
0.012240        0.027555      932
0.012409        0.027189      933
0.012229        0.026055      934
0.013277        0.026422      935
0.012917        0.024551      936
0.012797        0.024351      937
0.012751        0.024453      938
0.012763        0.029126      939
0.012378        0.027877      940
0.012869        0.025823      941
0.012419        0.025234      942
0.012544        0.025589      943
0.012810        0.026128      944
0.012568        0.025135      945
0.012478        0.026373      946
0.012486        0.026174      947
0.012751        0.025598      948
0.012805        0.025660      949
0.012554        0.024893      950
0.012423        0.024783      951
0.012235        0.024710      952
0.012357        0.024840      953
0.012410        0.024488      954
0.012731        0.027755      955
0.012388        0.028111      956
0.012539        0.027841      957
0.012558        0.026115      958
0.012385        0.025281      959
0.012657        0.026510      960
0.012585        0.025784      961
0.012283        0.026176      962
0.012092        0.025760      963
0.013072        0.024581      964
0.012511        0.025166      965
0.012353        0.025273      966
0.012458        0.025619      967
0.012547        0.025035      968
0.012226        0.024391      969
0.012196        0.025989      970
0.012161        0.026354      971
0.012496        0.026030      972
0.012457        0.024572      973
0.011906        0.024896      974
0.012880        0.024360      975
0.012059        0.024974      976
0.012025        0.024675      977
0.012824        0.027528      978
0.012160        0.026266      979
0.012015        0.026509      980
0.012348        0.025662      981
0.012135        0.027470      982
0.012290        0.025063      983
0.012853        0.024419      984
0.011925        0.025750      985
0.012809        0.024416      986
0.012144        0.024507      987
0.011980        0.024632      988
0.012233        0.024593      989
0.012296        0.026196      990
0.012048        0.025676      991
0.011879        0.025933      992
0.012344        0.025447      993
0.011959        0.026757      994
0.012587        0.025967      995
0.012537        0.027257      996
0.012396        0.024512      997
0.012190        0.024444      998
0.012090        0.025140      999
0.011883        0.025271      1000
