3.301799        0.265463      1
0.189653        0.193484      2
0.189652        0.193483      3
0.189650        0.193481      4
0.189648        0.193479      5
0.189646        0.193477      6
0.189644        0.193475      7
0.189641        0.193472      8
0.189637        0.193468      9
0.189633        0.193464      10
0.189627        0.193458      11
0.189618        0.193450      12
0.189604        0.193438      13
0.189579        0.193419      14
0.189520        0.193381      15
0.189154        0.193279      16
0.191309        0.192688      17
0.189596        0.193441      18
0.189484        0.193397      19
0.191003        0.193071      20
0.189512        0.193418      21
0.202642        0.193050      22
0.189664        0.193498      23
0.189664        0.193498      24
0.189664        0.193498      25
0.189664        0.193498      26
0.189664        0.193498      27
0.189664        0.193498      28
0.189664        0.193498      29
0.189664        0.193498      30
0.189664        0.193498      31
0.189664        0.193498      32
0.189664        0.193498      33
0.189664        0.193498      34
0.189664        0.193498      35
0.189664        0.193498      36
0.189664        0.193498      37
0.189664        0.193498      38
0.189664        0.193498      39
0.189664        0.193498      40
0.189664        0.193498      41
0.189664        0.193498      42
0.189664        0.193498      43
0.189664        0.193498      44
0.189664        0.193498      45
0.189664        0.193498      46
0.189664        0.193498      47
0.189664        0.193498      48
0.189664        0.193498      49
0.189664        0.193498      50
0.189664        0.193498      51
0.189664        0.193498      52
0.189664        0.193498      53
0.189664        0.193498      54
0.189664        0.193498      55
0.189664        0.193498      56
0.189664        0.193498      57
0.189664        0.193498      58
0.189664        0.193498      59
0.189664        0.193498      60
0.189664        0.193497      61
0.189664        0.193497      62
0.189664        0.193497      63
0.189664        0.193497      64
0.189664        0.193497      65
0.189664        0.193497      66
0.189664        0.193497      67
0.189664        0.193497      68
0.189664        0.193497      69
0.189664        0.193497      70
0.189664        0.193497      71
0.189664        0.193497      72
0.189664        0.193497      73
0.189664        0.193497      74
0.189664        0.193497      75
0.189664        0.193497      76
0.189664        0.193497      77
0.189664        0.193497      78
0.189664        0.193497      79
0.189663        0.193497      80
0.189663        0.193497      81
0.189663        0.193497      82
0.189663        0.193497      83
0.189663        0.193497      84
0.189663        0.193497      85
0.189663        0.193497      86
0.189663        0.193497      87
0.189663        0.193497      88
0.189663        0.193497      89
0.189663        0.193497      90
0.189663        0.193497      91
0.189663        0.193497      92
0.189663        0.193497      93
0.189663        0.193497      94
0.189663        0.193497      95
0.189663        0.193497      96
0.189663        0.193496      97
0.189663        0.193496      98
0.189663        0.193496      99
0.189663        0.193496      100
0.189663        0.193496      101
0.189662        0.193496      102
0.189662        0.193496      103
0.189662        0.193496      104
0.189662        0.193496      105
0.189662        0.193496      106
0.189662        0.193496      107
0.189662        0.193495      108
0.189662        0.193495      109
0.189662        0.193495      110
0.189661        0.193495      111
0.189661        0.193495      112
0.189661        0.193495      113
0.189661        0.193495      114
0.189661        0.193494      115
0.189661        0.193494      116
0.189660        0.193494      117
0.189660        0.193494      118
0.189660        0.193493      119
0.189660        0.193493      120
0.189659        0.193493      121
0.189659        0.193492      122
0.189659        0.193492      123
0.189658        0.193492      124
0.189658        0.193491      125
0.189657        0.193491      126
0.189657        0.193490      127
0.189657        0.193490      128
0.189656        0.193489      129
0.189655        0.193489      130
0.189655        0.193488      131
0.189654        0.193487      132
0.189653        0.193486      133
0.189652        0.193485      134
0.189651        0.193484      135
0.189649        0.193482      136
0.189647        0.193480      137
0.189644        0.193478      138
0.189640        0.193474      139
0.189634        0.193469      140
0.189623        0.193461      141
0.189601        0.193447      142
0.189521        0.193412      143
0.190795        0.193243      144
0.189663        0.193497      145
0.189663        0.193497      146
0.189663        0.193496      147
0.189663        0.193496      148
0.189663        0.193496      149
0.189663        0.193496      150
0.189663        0.193496      151
0.189662        0.193496      152
0.189662        0.193495      153
0.189662        0.193495      154
0.189662        0.193495      155
0.189661        0.193494      156
0.189661        0.193494      157
0.189660        0.193493      158
0.189659        0.193492      159
0.189658        0.193491      160
0.189655        0.193489      161
0.189652        0.193486      162
0.189647        0.193482      163
0.189639        0.193475      164
0.189628        0.193465      165
0.189613        0.193452      166
0.189583        0.193432      167
0.189442        0.193382      168
0.190215        0.192895      169
0.189614        0.193470      170
0.189227        0.193367      171
0.190628        0.191432      172
0.189663        0.193496      173
0.189663        0.193496      174
0.189663        0.193496      175
0.189663        0.193496      176
0.189663        0.193496      177
0.189663        0.193496      178
0.189662        0.193496      179
0.189662        0.193496      180
0.189662        0.193496      181
0.189662        0.193496      182
0.189662        0.193496      183
0.189662        0.193496      184
0.189662        0.193496      185
0.189662        0.193496      186
0.189662        0.193496      187
0.189662        0.193496      188
0.189662        0.193496      189
0.189662        0.193496      190
0.189662        0.193496      191
0.189662        0.193495      192
0.189662        0.193495      193
0.189662        0.193495      194
0.189662        0.193495      195
0.189662        0.193495      196
0.189661        0.193495      197
0.189661        0.193495      198
0.189661        0.193495      199
0.189661        0.193495      200
0.189661        0.193495      201
0.189661        0.193495      202
0.189661        0.193494      203
0.189661        0.193494      204
0.189661        0.193494      205
0.189661        0.193494      206
0.189660        0.193494      207
0.189660        0.193494      208
0.189660        0.193494      209
0.189660        0.193493      210
0.189660        0.193493      211
0.189659        0.193493      212
0.189659        0.193493      213
0.189659        0.193492      214
0.189659        0.193492      215
0.189658        0.193492      216
0.189658        0.193491      217
0.189657        0.193491      218
0.189657        0.193490      219
0.189656        0.193489      220
0.189655        0.193488      221
0.189654        0.193487      222
0.189652        0.193486      223
0.189650        0.193484      224
0.189646        0.193481      225
0.189640        0.193476      226
0.189627        0.193467      227
0.189585        0.193446      228
0.189462        0.193361      229
0.204162        0.191469      230
0.189665        0.193498      231
0.189665        0.193498      232
0.189665        0.193498      233
0.189665        0.193498      234
0.189665        0.193498      235
0.189665        0.193498      236
0.189665        0.193498      237
0.189665        0.193498      238
0.189665        0.193498      239
0.189665        0.193498      240
0.189665        0.193498      241
0.189665        0.193498      242
0.189665        0.193498      243
0.189665        0.193498      244
0.189665        0.193498      245
0.189665        0.193498      246
0.189665        0.193498      247
0.189665        0.193498      248
0.189665        0.193498      249
0.189665        0.193498      250
0.189665        0.193498      251
0.189665        0.193498      252
0.189665        0.193498      253
0.189665        0.193498      254
0.189665        0.193498      255
0.189665        0.193498      256
0.189665        0.193498      257
0.189665        0.193498      258
0.189665        0.193498      259
0.189665        0.193498      260
0.189665        0.193498      261
0.189665        0.193498      262
0.189665        0.193498      263
0.189665        0.193498      264
0.189665        0.193498      265
0.189665        0.193498      266
0.189665        0.193498      267
0.189665        0.193498      268
0.189665        0.193498      269
0.189665        0.193498      270
0.189665        0.193498      271
0.189665        0.193498      272
0.189665        0.193498      273
0.189665        0.193498      274
0.189665        0.193498      275
0.189665        0.193498      276
0.189665        0.193498      277
0.189665        0.193498      278
0.189665        0.193498      279
0.189665        0.193498      280
0.189665        0.193498      281
0.189665        0.193498      282
0.189665        0.193498      283
0.189665        0.193498      284
0.189665        0.193498      285
0.189665        0.193498      286
0.189665        0.193498      287
0.189665        0.193498      288
0.189665        0.193498      289
0.189665        0.193498      290
0.189665        0.193498      291
0.189665        0.193498      292
0.189665        0.193498      293
0.189665        0.193498      294
0.189665        0.193498      295
0.189665        0.193498      296
0.189665        0.193498      297
0.189665        0.193498      298
0.189665        0.193498      299
0.189665        0.193498      300
0.189665        0.193498      301
0.189665        0.193498      302
0.189665        0.193498      303
0.189665        0.193498      304
0.189665        0.193498      305
0.189665        0.193498      306
0.189665        0.193498      307
0.189665        0.193498      308
0.189665        0.193498      309
0.189665        0.193498      310
0.189665        0.193498      311
0.189665        0.193498      312
0.189665        0.193498      313
0.189665        0.193498      314
0.189665        0.193498      315
0.189665        0.193498      316
0.189665        0.193498      317
0.189665        0.193498      318
0.189665        0.193498      319
0.189665        0.193498      320
0.189665        0.193498      321
0.189665        0.193498      322
0.189665        0.193498      323
0.189665        0.193498      324
0.189665        0.193498      325
0.189665        0.193498      326
0.189665        0.193498      327
0.189665        0.193498      328
0.189665        0.193498      329
0.189665        0.193498      330
0.189665        0.193498      331
0.189665        0.193498      332
0.189665        0.193498      333
0.189665        0.193498      334
0.189665        0.193498      335
0.189665        0.193498      336
0.189665        0.193498      337
0.189665        0.193498      338
0.189665        0.193498      339
0.189665        0.193498      340
0.189665        0.193498      341
0.189665        0.193498      342
0.189665        0.193498      343
0.189665        0.193498      344
0.189665        0.193498      345
0.189665        0.193498      346
0.189665        0.193498      347
0.189665        0.193498      348
0.189665        0.193498      349
0.189665        0.193498      350
0.189665        0.193498      351
0.189665        0.193498      352
0.189665        0.193498      353
0.189665        0.193498      354
0.189665        0.193498      355
0.189665        0.193498      356
0.189665        0.193498      357
0.189665        0.193498      358
0.189665        0.193498      359
0.189665        0.193498      360
0.189665        0.193498      361
0.189665        0.193498      362
0.189665        0.193498      363
0.189665        0.193498      364
0.189665        0.193498      365
0.189665        0.193498      366
0.189665        0.193498      367
0.189665        0.193498      368
0.189665        0.193498      369
0.189665        0.193498      370
0.189665        0.193498      371
0.189665        0.193498      372
0.189665        0.193498      373
0.189665        0.193498      374
0.189665        0.193498      375
0.189665        0.193498      376
0.189665        0.193498      377
0.189665        0.193498      378
0.189665        0.193498      379
0.189665        0.193498      380
0.189665        0.193498      381
0.189665        0.193498      382
0.189665        0.193498      383
0.189665        0.193498      384
0.189665        0.193498      385
0.189665        0.193498      386
0.189665        0.193498      387
0.189665        0.193498      388
0.189665        0.193498      389
0.189665        0.193498      390
0.189665        0.193498      391
0.189665        0.193498      392
0.189665        0.193498      393
0.189665        0.193498      394
0.189665        0.193498      395
0.189665        0.193498      396
0.189665        0.193498      397
0.189665        0.193498      398
0.189665        0.193498      399
0.189665        0.193498      400
0.189665        0.193498      401
0.189665        0.193498      402
0.189665        0.193498      403
0.189665        0.193498      404
0.189665        0.193498      405
0.189665        0.193498      406
0.189665        0.193498      407
0.189665        0.193498      408
0.189665        0.193498      409
0.189665        0.193498      410
0.189665        0.193498      411
0.189665        0.193498      412
0.189665        0.193498      413
0.189665        0.193498      414
0.189665        0.193498      415
0.189665        0.193498      416
0.189665        0.193498      417
0.189665        0.193498      418
0.189665        0.193498      419
0.189665        0.193498      420
0.189665        0.193498      421
0.189665        0.193498      422
0.189665        0.193498      423
0.189665        0.193498      424
0.189665        0.193498      425
0.189665        0.193498      426
0.189665        0.193498      427
0.189665        0.193498      428
0.189665        0.193498      429
0.189665        0.193498      430
0.189665        0.193498      431
0.189665        0.193498      432
0.189665        0.193498      433
0.189665        0.193498      434
0.189665        0.193498      435
0.189665        0.193498      436
0.189665        0.193498      437
0.189665        0.193498      438
0.189665        0.193498      439
0.189665        0.193498      440
0.189665        0.193498      441
0.189665        0.193498      442
0.189665        0.193498      443
0.189665        0.193498      444
0.189665        0.193498      445
0.189665        0.193498      446
0.189665        0.193498      447
0.189665        0.193498      448
0.189665        0.193498      449
0.189665        0.193498      450
0.189665        0.193498      451
0.189665        0.193498      452
0.189665        0.193498      453
0.189665        0.193498      454
0.189665        0.193498      455
0.189665        0.193498      456
0.189665        0.193498      457
0.189665        0.193498      458
0.189665        0.193498      459
0.189665        0.193498      460
0.189665        0.193498      461
0.189665        0.193498      462
0.189665        0.193498      463
0.189665        0.193498      464
0.189665        0.193498      465
0.189665        0.193498      466
0.189665        0.193498      467
0.189665        0.193498      468
0.189665        0.193498      469
0.189665        0.193498      470
0.189665        0.193498      471
0.189665        0.193498      472
0.189665        0.193498      473
0.189665        0.193498      474
0.189665        0.193498      475
0.189665        0.193498      476
0.189665        0.193498      477
0.189665        0.193498      478
0.189665        0.193498      479
0.189665        0.193498      480
0.189665        0.193498      481
0.189665        0.193498      482
0.189665        0.193498      483
0.189665        0.193498      484
0.189665        0.193498      485
0.189665        0.193498      486
0.189665        0.193498      487
0.189665        0.193498      488
0.189665        0.193498      489
0.189665        0.193498      490
0.189665        0.193498      491
0.189665        0.193498      492
0.189665        0.193498      493
0.189665        0.193498      494
0.189665        0.193498      495
0.189665        0.193498      496
0.189665        0.193498      497
0.189665        0.193498      498
0.189665        0.193498      499
0.189665        0.193498      500
0.189665        0.193498      501
0.189665        0.193498      502
0.189665        0.193498      503
0.189665        0.193498      504
0.189665        0.193498      505
0.189665        0.193498      506
0.189665        0.193498      507
0.189665        0.193498      508
0.189665        0.193498      509
0.189665        0.193498      510
0.189665        0.193498      511
0.189665        0.193498      512
0.189665        0.193498      513
0.189665        0.193498      514
0.189665        0.193498      515
0.189664        0.193498      516
0.189664        0.193498      517
0.189664        0.193498      518
0.189664        0.193498      519
0.189664        0.193498      520
0.189664        0.193498      521
0.189664        0.193498      522
0.189664        0.193498      523
0.189664        0.193498      524
0.189664        0.193498      525
0.189664        0.193498      526
0.189664        0.193498      527
0.189664        0.193498      528
0.189664        0.193498      529
0.189664        0.193498      530
0.189664        0.193498      531
0.189664        0.193498      532
0.189664        0.193498      533
0.189664        0.193498      534
0.189664        0.193498      535
0.189664        0.193498      536
0.189664        0.193498      537
0.189664        0.193498      538
0.189664        0.193498      539
0.189664        0.193498      540
0.189664        0.193498      541
0.189664        0.193498      542
0.189664        0.193498      543
0.189664        0.193498      544
0.189664        0.193498      545
0.189664        0.193498      546
0.189664        0.193498      547
0.189664        0.193498      548
0.189664        0.193498      549
0.189664        0.193498      550
0.189664        0.193498      551
0.189664        0.193498      552
0.189664        0.193498      553
0.189664        0.193498      554
0.189664        0.193498      555
0.189664        0.193498      556
0.189664        0.193498      557
0.189664        0.193498      558
0.189664        0.193498      559
0.189664        0.193498      560
0.189664        0.193498      561
0.189664        0.193498      562
0.189664        0.193498      563
0.189664        0.193498      564
0.189664        0.193498      565
0.189664        0.193498      566
0.189664        0.193498      567
0.189664        0.193498      568
0.189664        0.193498      569
0.189664        0.193498      570
0.189664        0.193498      571
0.189664        0.193498      572
0.189664        0.193498      573
0.189664        0.193498      574
0.189664        0.193498      575
0.189664        0.193498      576
0.189664        0.193498      577
0.189664        0.193498      578
0.189664        0.193498      579
0.189664        0.193498      580
0.189664        0.193498      581
0.189664        0.193498      582
0.189664        0.193498      583
0.189664        0.193498      584
0.189664        0.193498      585
0.189664        0.193498      586
0.189664        0.193498      587
0.189664        0.193498      588
0.189664        0.193498      589
0.189664        0.193498      590
0.189664        0.193498      591
0.189664        0.193498      592
0.189664        0.193498      593
0.189664        0.193498      594
0.189664        0.193498      595
0.189664        0.193498      596
0.189664        0.193498      597
0.189664        0.193498      598
0.189664        0.193498      599
0.189664        0.193498      600
0.189664        0.193498      601
0.189664        0.193498      602
0.189664        0.193498      603
0.189664        0.193498      604
0.189664        0.193498      605
0.189664        0.193498      606
0.189664        0.193498      607
0.189664        0.193498      608
0.189664        0.193498      609
0.189664        0.193498      610
0.189664        0.193498      611
0.189664        0.193498      612
0.189664        0.193498      613
0.189664        0.193498      614
0.189664        0.193498      615
0.189664        0.193498      616
0.189664        0.193498      617
0.189664        0.193498      618
0.189664        0.193498      619
0.189664        0.193498      620
0.189664        0.193498      621
0.189664        0.193498      622
0.189664        0.193498      623
0.189664        0.193498      624
0.189664        0.193498      625
0.189664        0.193498      626
0.189664        0.193498      627
0.189664        0.193498      628
0.189664        0.193498      629
0.189664        0.193498      630
0.189664        0.193498      631
0.189664        0.193498      632
0.189664        0.193498      633
0.189664        0.193498      634
0.189664        0.193498      635
0.189664        0.193498      636
0.189664        0.193498      637
0.189664        0.193498      638
0.189664        0.193498      639
0.189664        0.193498      640
0.189664        0.193498      641
0.189664        0.193498      642
0.189664        0.193498      643
0.189664        0.193498      644
0.189664        0.193498      645
0.189664        0.193498      646
0.189664        0.193498      647
0.189664        0.193498      648
0.189664        0.193498      649
0.189664        0.193498      650
0.189664        0.193498      651
0.189664        0.193498      652
0.189664        0.193498      653
0.189664        0.193498      654
0.189664        0.193498      655
0.189664        0.193498      656
0.189664        0.193498      657
0.189664        0.193498      658
0.189664        0.193498      659
0.189664        0.193498      660
0.189664        0.193498      661
0.189664        0.193498      662
0.189664        0.193498      663
0.189664        0.193498      664
0.189664        0.193498      665
0.189664        0.193498      666
0.189664        0.193498      667
0.189664        0.193498      668
0.189664        0.193498      669
0.189664        0.193498      670
0.189664        0.193498      671
0.189664        0.193498      672
0.189664        0.193498      673
0.189664        0.193498      674
0.189664        0.193498      675
0.189664        0.193498      676
0.189664        0.193498      677
0.189664        0.193498      678
0.189664        0.193498      679
0.189664        0.193498      680
0.189664        0.193498      681
0.189664        0.193498      682
0.189664        0.193498      683
0.189664        0.193498      684
0.189664        0.193498      685
0.189664        0.193498      686
0.189664        0.193498      687
0.189664        0.193498      688
0.189664        0.193498      689
0.189664        0.193498      690
0.189664        0.193498      691
0.189664        0.193498      692
0.189664        0.193498      693
0.189664        0.193498      694
0.189664        0.193498      695
0.189664        0.193498      696
0.189664        0.193498      697
0.189664        0.193498      698
0.189664        0.193498      699
0.189664        0.193498      700
0.189664        0.193498      701
0.189664        0.193498      702
0.189664        0.193498      703
0.189664        0.193498      704
0.189664        0.193498      705
0.189664        0.193498      706
0.189664        0.193498      707
0.189664        0.193498      708
0.189664        0.193498      709
0.189664        0.193498      710
0.189664        0.193498      711
0.189664        0.193498      712
0.189664        0.193498      713
0.189664        0.193498      714
0.189664        0.193498      715
0.189664        0.193498      716
0.189664        0.193498      717
0.189664        0.193498      718
0.189664        0.193498      719
0.189664        0.193498      720
0.189664        0.193498      721
0.189664        0.193498      722
0.189664        0.193498      723
0.189664        0.193498      724
0.189664        0.193498      725
0.189664        0.193498      726
0.189664        0.193498      727
0.189664        0.193498      728
0.189664        0.193498      729
0.189664        0.193498      730
0.189664        0.193498      731
0.189664        0.193498      732
0.189664        0.193498      733
0.189664        0.193498      734
0.189664        0.193498      735
0.189664        0.193498      736
0.189664        0.193498      737
0.189664        0.193498      738
0.189664        0.193498      739
0.189664        0.193498      740
0.189664        0.193498      741
0.189664        0.193498      742
0.189664        0.193498      743
0.189664        0.193498      744
0.189664        0.193498      745
0.189664        0.193498      746
0.189664        0.193498      747
0.189664        0.193498      748
0.189664        0.193498      749
0.189664        0.193498      750
0.189664        0.193498      751
0.189664        0.193498      752
0.189664        0.193498      753
0.189664        0.193498      754
0.189664        0.193498      755
0.189664        0.193498      756
0.189664        0.193498      757
0.189664        0.193498      758
0.189664        0.193498      759
0.189664        0.193498      760
0.189664        0.193498      761
0.189664        0.193498      762
0.189664        0.193498      763
0.189664        0.193498      764
0.189664        0.193498      765
0.189664        0.193498      766
0.189664        0.193498      767
0.189664        0.193498      768
0.189664        0.193498      769
0.189664        0.193498      770
0.189664        0.193498      771
0.189664        0.193498      772
0.189664        0.193498      773
0.189664        0.193498      774
0.189664        0.193498      775
0.189664        0.193498      776
0.189664        0.193498      777
0.189664        0.193498      778
0.189664        0.193498      779
0.189664        0.193498      780
0.189664        0.193498      781
0.189664        0.193498      782
0.189664        0.193498      783
0.189664        0.193498      784
0.189664        0.193498      785
0.189664        0.193498      786
0.189664        0.193498      787
0.189664        0.193498      788
0.189664        0.193498      789
0.189664        0.193498      790
0.189664        0.193498      791
0.189664        0.193498      792
0.189664        0.193498      793
0.189664        0.193498      794
0.189664        0.193498      795
0.189664        0.193498      796
0.189664        0.193498      797
0.189664        0.193498      798
0.189664        0.193498      799
0.189664        0.193498      800
0.189664        0.193498      801
0.189664        0.193498      802
0.189664        0.193498      803
0.189664        0.193498      804
0.189664        0.193498      805
0.189664        0.193498      806
0.189664        0.193498      807
0.189664        0.193498      808
0.189664        0.193498      809
0.189664        0.193498      810
0.189664        0.193498      811
0.189664        0.193498      812
0.189664        0.193498      813
0.189664        0.193498      814
0.189664        0.193498      815
0.189664        0.193498      816
0.189664        0.193498      817
0.189664        0.193498      818
0.189664        0.193498      819
0.189664        0.193498      820
0.189664        0.193498      821
0.189664        0.193498      822
0.189664        0.193498      823
0.189664        0.193498      824
0.189664        0.193498      825
0.189664        0.193498      826
0.189664        0.193498      827
0.189664        0.193498      828
0.189664        0.193498      829
0.189664        0.193498      830
0.189664        0.193498      831
0.189664        0.193498      832
0.189664        0.193498      833
0.189664        0.193498      834
0.189664        0.193498      835
0.189664        0.193498      836
0.189664        0.193498      837
0.189664        0.193498      838
0.189664        0.193498      839
0.189664        0.193498      840
0.189664        0.193498      841
0.189664        0.193498      842
0.189664        0.193498      843
0.189664        0.193498      844
0.189664        0.193498      845
0.189664        0.193497      846
0.189664        0.193497      847
0.189664        0.193497      848
0.189664        0.193497      849
0.189664        0.193497      850
0.189664        0.193497      851
0.189664        0.193497      852
0.189664        0.193497      853
0.189664        0.193497      854
0.189664        0.193497      855
0.189664        0.193497      856
0.189664        0.193497      857
0.189664        0.193497      858
0.189664        0.193497      859
0.189664        0.193497      860
0.189664        0.193497      861
0.189664        0.193497      862
0.189664        0.193497      863
0.189664        0.193497      864
0.189664        0.193497      865
0.189664        0.193497      866
0.189664        0.193497      867
0.189664        0.193497      868
0.189664        0.193497      869
0.189664        0.193497      870
0.189664        0.193497      871
0.189664        0.193497      872
0.189663        0.193497      873
0.189663        0.193497      874
0.189663        0.193497      875
0.189663        0.193497      876
0.189663        0.193497      877
0.189663        0.193497      878
0.189663        0.193497      879
0.189663        0.193497      880
0.189663        0.193497      881
0.189663        0.193497      882
0.189663        0.193497      883
0.189663        0.193496      884
0.189663        0.193496      885
0.189663        0.193496      886
0.189663        0.193496      887
0.189663        0.193496      888
0.189663        0.193496      889
0.189663        0.193496      890
0.189662        0.193496      891
0.189662        0.193496      892
0.189662        0.193496      893
0.189662        0.193495      894
0.189662        0.193495      895
0.189662        0.193495      896
0.189661        0.193495      897
0.189661        0.193494      898
0.189661        0.193494      899
0.189661        0.193494      900
0.189660        0.193493      901
0.189659        0.193493      902
0.189659        0.193492      903
0.189658        0.193491      904
0.189656        0.193490      905
0.189654        0.193487      906
0.189650        0.193484      907
0.189642        0.193478      908
0.189623        0.193466      909
0.189566        0.193435      910
0.189711        0.193331      911
0.190488        0.205071      912
0.190874        0.192553      913
0.189662        0.193495      914
0.189662        0.193495      915
0.189662        0.193495      916
0.189662        0.193495      917
0.189661        0.193495      918
0.189661        0.193495      919
0.189661        0.193495      920
0.189661        0.193494      921
0.189661        0.193494      922
0.189660        0.193494      923
0.189660        0.193494      924
0.189660        0.193493      925
0.189659        0.193493      926
0.189659        0.193492      927
0.189658        0.193492      928
0.189657        0.193491      929
0.189656        0.193490      930
0.189655        0.193489      931
0.189653        0.193487      932
0.189651        0.193485      933
0.189647        0.193482      934
0.189640        0.193476      935
0.189622        0.193465      936
0.189248        0.193431      937
0.192250        0.187088      938
0.189664        0.193498      939
0.189664        0.193498      940
0.189664        0.193498      941
0.189664        0.193498      942
0.189664        0.193498      943
0.189664        0.193498      944
0.189664        0.193498      945
0.189664        0.193498      946
0.189664        0.193498      947
0.189664        0.193498      948
0.189664        0.193498      949
0.189664        0.193498      950
0.189664        0.193498      951
0.189664        0.193498      952
0.189664        0.193498      953
0.189664        0.193498      954
0.189664        0.193498      955
0.189664        0.193498      956
0.189664        0.193498      957
0.189664        0.193498      958
0.189664        0.193498      959
0.189664        0.193498      960
0.189664        0.193498      961
0.189664        0.193498      962
0.189664        0.193498      963
0.189664        0.193498      964
0.189664        0.193498      965
0.189664        0.193498      966
0.189664        0.193498      967
0.189664        0.193498      968
0.189664        0.193498      969
0.189664        0.193498      970
0.189664        0.193498      971
0.189664        0.193498      972
0.189664        0.193498      973
0.189664        0.193498      974
0.189664        0.193498      975
0.189664        0.193498      976
0.189664        0.193498      977
0.189664        0.193498      978
0.189664        0.193498      979
0.189664        0.193498      980
0.189664        0.193498      981
0.189664        0.193498      982
0.189664        0.193498      983
0.189664        0.193498      984
0.189664        0.193498      985
0.189664        0.193498      986
0.189664        0.193498      987
0.189664        0.193498      988
0.189664        0.193498      989
0.189664        0.193498      990
0.189664        0.193498      991
0.189664        0.193498      992
0.189664        0.193498      993
0.189664        0.193498      994
0.189664        0.193498      995
0.189664        0.193498      996
0.189664        0.193498      997
0.189664        0.193498      998
0.189664        0.193498      999
0.189664        0.193498      1000
