4.609387        0.623891      1
0.191640        0.187413      2
0.191638        0.187411      3
0.191635        0.187409      4
0.191630        0.187405      5
0.191620        0.187399      6
0.191589        0.187384      7
0.191884        0.187322      8
0.195181        0.186109      9
0.196251        0.186876      10
0.196491        0.208402      11
0.191628        0.187411      12
0.191557        0.187382      13
0.192974        0.187148      14
0.194321        0.183958      15
0.193452        0.187129      16
0.186344        0.170650      17
0.180047        0.163821      18
0.170400        0.139617      19
0.170260        0.125881      20
0.164625        0.123918      21
0.161315        0.126157      22
0.159196        0.132124      23
0.159830        0.121133      24
0.157617        0.127713      25
0.155713        0.121804      26
0.148707        0.114319      27
0.151525        0.111172      28
0.147419        0.109768      29
0.145182        0.109580      30
0.143615        0.109462      31
0.142539        0.109285      32
0.140631        0.109396      33
0.138223        0.108985      34
0.135992        0.108057      35
0.135407        0.106403      36
0.135195        0.106204      37
0.131759        0.106573      38
0.131994        0.152456      39
0.125939        0.108426      40
0.126492        0.102930      41
0.133905        0.134233      42
0.131122        0.103705      43
0.123315        0.103105      44
0.126788        0.121793      45
0.131566        0.138317      46
0.126163        0.122402      47
0.121488        0.107930      48
0.125067        0.100960      49
0.125775        0.115740      50
0.126909        0.108787      51
0.129195        0.112728      52
0.124480        0.112362      53
0.125780        0.101769      54
0.127215        0.096109      55
0.120388        0.102078      56
0.125277        0.107128      57
0.119185        0.101207      58
0.125910        0.116239      59
0.128405        0.109645      60
0.121055        0.127201      61
0.123698        0.111203      62
0.125609        0.111474      63
0.127567        0.113116      64
0.119030        0.133386      65
0.116610        0.133594      66
0.125212        0.110189      67
0.127962        0.108774      68
0.127723        0.108486      69
0.126977        0.108032      70
0.128031        0.109627      71
0.131973        0.109644      72
0.116949        0.124145      73
0.127275        0.113903      74
0.126200        0.114088      75
0.120821        0.110651      76
0.121584        0.124011      77
0.119068        0.130846      78
0.117582        0.119634      79
0.114265        0.146950      80
0.128511        0.123267      81
0.120600        0.105642      82
0.112055        0.104699      83
0.111740        0.132151      84
0.114675        0.084750      85
0.127223        0.101059      86
0.112226        0.150640      87
0.124137        0.160924      88
0.118920        0.142730      89
0.118676        0.155433      90
0.118399        0.084300      91
0.129135        0.092264      92
0.122559        0.122781      93
0.122467        0.133995      94
0.128598        0.076462      95
0.110246        0.168996      96
0.127470        0.057390      97
0.122325        0.124036      98
0.120833        0.112388      99
0.113890        0.108910      100
0.097026        0.099097      101
0.114681        0.061937      102
0.108285        0.084737      103
0.109398        0.068392      104
0.105836        0.062752      105
0.096980        0.059384      106
0.091315        0.056008      107
0.091443        0.054553      108
0.083534        0.053216      109
0.082014        0.053336      110
0.076427        0.068966      111
0.080869        0.066517      112
0.079236        0.061244      113
0.070998        0.068399      114
0.072727        0.091427      115
0.072103        0.069590      116
0.073378        0.089924      117
0.068834        0.075524      118
0.067617        0.082568      119
0.067935        0.094100      120
0.071820        0.099000      121
0.071161        0.096449      122
0.067454        0.093889      123
0.068909        0.097828      124
0.090988        0.049470      125
0.067892        0.066360      126
0.065700        0.052232      127
0.065636        0.051808      128
0.065971        0.051884      129
0.066450        0.053097      130
0.066394        0.054568      131
0.066527        0.052556      132
0.067930        0.050121      133
0.092035        0.053860      134
0.121446        0.048842      135
0.068460        0.076646      136
0.063266        0.098285      137
0.082577        0.049057      138
0.063549        0.096134      139
0.063734        0.052195      140
0.064983        0.054778      141
0.072519        0.052214      142
0.081405        0.050646      143
0.063441        0.098583      144
0.064480        0.057596      145
0.074630        0.050553      146
0.074895        0.047322      147
0.062681        0.096391      148
0.063281        0.052206      149
0.068205        0.097244      150
0.066587        0.054767      151
0.079284        0.052331      152
0.060667        0.095043      153
0.075636        0.053559      154
0.058870        0.094442      155
0.078098        0.092190      156
0.058126        0.094461      157
0.070551        0.051552      158
0.058443        0.094748      159
0.060173        0.095089      160
0.060966        0.089376      161
0.078269        0.056150      162
0.067842        0.093552      163
0.069163        0.095366      164
0.066314        0.096049      165
0.069829        0.052210      166
0.061657        0.087314      167
0.059032        0.093526      168
0.069935        0.094605      169
0.068014        0.094549      170
0.060095        0.103743      171
0.058904        0.088133      172
0.057914        0.086159      173
0.073859        0.092429      174
0.060199        0.062316      175
0.060625        0.085265      176
0.074237        0.045992      177
0.074615        0.045632      178
0.066176        0.049769      179
0.060406        0.081224      180
0.058709        0.092672      181
0.061920        0.093265      182
0.069673        0.091450      183
0.071273        0.048600      184
0.067782        0.048954      185
0.062968        0.049479      186
0.058923        0.091450      187
0.058627        0.091225      188
0.068653        0.092704      189
0.073107        0.049639      190
0.066980        0.048586      191
0.064737        0.049082      192
0.064007        0.048757      193
0.063218        0.048670      194
0.062687        0.048510      195
0.062232        0.048309      196
0.062023        0.047876      197
0.061968        0.047398      198
0.061880        0.047045      199
0.061373        0.047005      200
0.061069        0.046796      201
0.061984        0.046758      202
0.061273        0.091801      203
0.062782        0.046510      204
0.059880        0.090878      205
0.063415        0.046882      206
0.060513        0.089454      207
0.065490        0.045821      208
0.062095        0.087558      209
0.060815        0.085657      210
0.056676        0.087266      211
0.058696        0.088075      212
0.057517        0.087421      213
0.062479        0.087515      214
0.071359        0.045722      215
0.066529        0.045327      216
0.062073        0.045178      217
0.057894        0.088563      218
0.063892        0.045289      219
0.053057        0.086934      220
0.057277        0.088583      221
0.057475        0.085660      222
0.063442        0.085233      223
0.070160        0.044659      224
0.063052        0.044072      225
0.057490        0.086949      226
0.064920        0.044238      227
0.052048        0.085401      228
0.060579        0.102588      229
0.069531        0.044592      230
0.063507        0.043413      231
0.058724        0.084168      232
0.063411        0.043660      233
0.058748        0.082415      234
0.063408        0.043653      235
0.058516        0.081148      236
0.063592        0.043434      237
0.058437        0.079573      238
0.063654        0.043239      239
0.058264        0.077922      240
0.063784        0.043074      241
0.058075        0.074283      242
0.064333        0.042951      243
0.057832        0.069829      244
0.064718        0.042871      245
0.057501        0.068564      246
0.064943        0.042843      247
0.057201        0.067887      248
0.065083        0.042850      249
0.057008        0.067347      250
0.065064        0.042877      251
0.056888        0.067366      252
0.064754        0.042910      253
0.056774        0.070432      254
0.064107        0.042961      255
0.056818        0.082967      256
0.062173        0.043081      257
0.057907        0.074778      258
0.062360        0.043343      259
0.064298        0.043038      260
0.056346        0.068455      261
0.061159        0.044175      262
0.057431        0.069976      263
0.063971        0.044892      264
0.062250        0.044297      265
0.055727        0.092950      266
0.063412        0.047960      267
0.054733        0.096821      268
0.064048        0.045998      269
0.054818        0.103333      270
0.054481        0.105952      271
0.064245        0.041296      272
0.053951        0.077597      273
0.055030        0.097443      274
0.068171        0.054283      275
0.052383        0.066634      276
0.054133        0.083984      277
0.068600        0.055137      278
0.051456        0.074276      279
0.067989        0.051225      280
0.051532        0.075830      281
0.066741        0.055083      282
0.052063        0.076841      283
0.065266        0.049908      284
0.052433        0.077091      285
0.064364        0.045009      286
0.052628        0.077382      287
0.064009        0.043647      288
0.052678        0.077617      289
0.063793        0.043091      290
0.052653        0.077694      291
0.063572        0.042758      292
0.052591        0.077610      293
0.063362        0.042474      294
0.052518        0.077427      295
0.063152        0.042190      296
0.052448        0.077166      297
0.062927        0.041877      298
0.052390        0.076874      299
0.062685        0.041531      300
0.052349        0.076550      301
0.062429        0.041179      302
0.052324        0.076178      303
0.062167        0.040860      304
0.052321        0.075760      305
0.061897        0.040598      306
0.052348        0.075304      307
0.061608        0.040380      308
0.052379        0.074832      309
0.061292        0.040177      310
0.052370        0.074362      311
0.060969        0.039993      312
0.052320        0.073901      313
0.060720        0.039858      314
0.052230        0.073461      315
0.060546        0.039774      316
0.052087        0.073040      317
0.060287        0.039726      318
0.051954        0.072646      319
0.059955        0.039697      320
0.051864        0.072285      321
0.059618        0.039677      322
0.051805        0.071942      323
0.059330        0.039662      324
0.051745        0.071616      325
0.059112        0.039651      326
0.051668        0.071320      327
0.058928        0.039642      328
0.051577        0.071061      329
0.058758        0.039634      330
0.051480        0.070833      331
0.058594        0.039627      332
0.051383        0.070625      333
0.058428        0.039624      334
0.051287        0.070429      335
0.058259        0.039626      336
0.051195        0.070244      337
0.058084        0.039633      338
0.051107        0.070081      339
0.057904        0.039643      340
0.051021        0.069960      341
0.057720        0.039651      342
0.050936        0.069898      343
0.057535        0.039649      344
0.050848        0.069909      345
0.057354        0.039631      346
0.050753        0.069997      347
0.057180        0.039592      348
0.050647        0.070155      349
0.057017        0.039530      350
0.050530        0.070368      351
0.056868        0.039451      352
0.050403        0.070615      353
0.056737        0.039358      354
0.050271        0.070871      355
0.056628        0.039259      356
0.050141        0.071115      357
0.056542        0.039159      358
0.050023        0.071333      359
0.056475        0.039061      360
0.049927        0.071528      361
0.056424        0.038967      362
0.049865        0.071718      363
0.056385        0.038873      364
0.049847        0.071923      365
0.056357        0.038777      366
0.049877        0.072160      367
0.056336        0.038673      368
0.049938        0.072450      369
0.056323        0.038554      370
0.049986        0.072820      371
0.056304        0.038412      372
0.049993        0.073332      373
0.056223        0.038246      374
0.049841        0.074089      375
0.055989        0.038073      376
0.049332        0.075094      377
0.055522        0.037927      378
0.048499        0.076068      379
0.054819        0.037847      380
0.047514        0.076666      381
0.053986        0.037843      382
0.046557        0.076835      383
0.053144        0.037894      384
0.045748        0.076762      385
0.052365        0.037979      386
0.045123        0.076605      387
0.051682        0.038078      388
0.044657        0.076433      389
0.051107        0.038179      390
0.044309        0.076269      391
0.050625        0.038278      392
0.044042        0.076129      393
0.050211        0.038381      394
0.043827        0.076029      395
0.049834        0.038494      396
0.043642        0.075983      397
0.049463        0.038626      398
0.043463        0.075994      399
0.049070        0.038782      400
0.043254        0.076058      401
0.048628        0.038969      402
0.042966        0.076133      403
0.048206        0.039151      404
0.042747        0.076189      405
0.047834        0.039294      406
0.042621        0.076389      407
0.047433        0.039470      408
0.042502        0.076668      409
0.047013        0.039667      410
0.042375        0.076966      411
0.046588        0.039863      412
0.042243        0.077262      413
0.046172        0.040048      414
0.042111        0.077547      415
0.045776        0.040218      416
0.041985        0.077816      417
0.045408        0.040375      418
0.041870        0.078069      419
0.045071        0.040519      420
0.041764        0.078305      421
0.044767        0.040653      422
0.041660        0.078529      423
0.044496        0.040776      424
0.041554        0.078748      425
0.044253        0.040890      426
0.041451        0.078969      427
0.044034        0.040996      428
0.041350        0.079193      429
0.043835        0.041098      430
0.041248        0.079416      431
0.043653        0.041196      432
0.041143        0.079635      433
0.043488        0.041290      434
0.041040        0.079848      435
0.043342        0.041378      436
0.040942        0.080052      437
0.043213        0.041458      438
0.040849        0.080242      439
0.043102        0.041528      440
0.040761        0.080416      441
0.043006        0.041588      442
0.040677        0.080571      443
0.042923        0.041636      444
0.040595        0.080706      445
0.042851        0.041672      446
0.040514        0.080821      447
0.042789        0.041698      448
0.040432        0.080914      449
0.042733        0.041712      450
0.040348        0.080986      451
0.042683        0.041716      452
0.040262        0.081037      453
0.042637        0.041711      454
0.040175        0.081065      455
0.042592        0.041696      456
0.040086        0.081072      457
0.042547        0.041673      458
0.039997        0.081056      459
0.042502        0.041642      460
0.039907        0.081019      461
0.042455        0.041604      462
0.039818        0.080960      463
0.042405        0.041559      464
0.039731        0.080882      465
0.042354        0.041507      466
0.039644        0.080785      467
0.042300        0.041448      468
0.039559        0.080669      469
0.042243        0.041382      470
0.039476        0.080536      471
0.042184        0.041310      472
0.039395        0.080386      473
0.042123        0.041230      474
0.039315        0.080218      475
0.042059        0.041143      476
0.039237        0.080032      477
0.041993        0.041050      478
0.039160        0.079828      479
0.041925        0.040950      480
0.039084        0.079606      481
0.041855        0.040843      482
0.039010        0.079365      483
0.041784        0.040731      484
0.038936        0.079105      485
0.041711        0.040614      486
0.038864        0.078827      487
0.041637        0.040492      488
0.038793        0.078531      489
0.041561        0.040366      490
0.038723        0.078216      491
0.041486        0.040237      492
0.038655        0.077883      493
0.041409        0.040105      494
0.038588        0.077532      495
0.041331        0.039971      496
0.038524        0.077165      497
0.041253        0.039835      498
0.038461        0.076781      499
0.041173        0.039700      500
0.038400        0.076381      501
0.041091        0.039564      502
0.038341        0.075966      503
0.041008        0.039430      504
0.038282        0.075535      505
0.040921        0.039298      506
0.038224        0.075090      507
0.040831        0.039169      508
0.038166        0.074630      509
0.040738        0.039044      510
0.038105        0.074156      511
0.040641        0.038924      512
0.038042        0.073667      513
0.040540        0.038809      514
0.037975        0.073165      515
0.040437        0.038701      516
0.037905        0.072652      517
0.040331        0.038598      518
0.037831        0.072130      519
0.040223        0.038501      520
0.037754        0.071602      521
0.040114        0.038409      522
0.037674        0.071072      523
0.040003        0.038321      524
0.037590        0.070542      525
0.039892        0.038238      526
0.037504        0.070013      527
0.039779        0.038158      528
0.037417        0.069487      529
0.039665        0.038081      530
0.037328        0.068965      531
0.039550        0.038007      532
0.037238        0.068447      533
0.039434        0.037935      534
0.037147        0.067932      535
0.039317        0.037866      536
0.037056        0.067418      537
0.039198        0.037801      538
0.036965        0.066906      539
0.039077        0.037738      540
0.036875        0.066393      541
0.038956        0.037680      542
0.036785        0.065882      543
0.038833        0.037627      544
0.036697        0.065375      545
0.038710        0.037579      546
0.036610        0.064877      547
0.038587        0.037536      548
0.036525        0.064392      549
0.038464        0.037498      550
0.036443        0.063927      551
0.038343        0.037465      552
0.036363        0.063484      553
0.038224        0.037437      554
0.036285        0.063068      555
0.038107        0.037412      556
0.036209        0.062679      557
0.037992        0.037392      558
0.036136        0.062318      559
0.037880        0.037375      560
0.036065        0.061985      561
0.037770        0.037361      562
0.035996        0.061678      563
0.037662        0.037350      564
0.035928        0.061396      565
0.037558        0.037342      566
0.035862        0.061138      567
0.037455        0.037337      568
0.035798        0.060900      569
0.037355        0.037334      570
0.035734        0.060683      571
0.037257        0.037333      572
0.035672        0.060485      573
0.037161        0.037335      574
0.035611        0.060305      575
0.037068        0.037338      576
0.035551        0.060141      577
0.036976        0.037343      578
0.035491        0.059994      579
0.036886        0.037350      580
0.035432        0.059863      581
0.036798        0.037358      582
0.035374        0.059748      583
0.036711        0.037367      584
0.035317        0.059649      585
0.036627        0.037376      586
0.035260        0.059565      587
0.036544        0.037386      588
0.035204        0.059496      589
0.036463        0.037395      590
0.035148        0.059442      591
0.036384        0.037405      592
0.035093        0.059402      593
0.036307        0.037414      594
0.035039        0.059376      595
0.036231        0.037423      596
0.034985        0.059364      597
0.036156        0.037432      598
0.034933        0.059363      599
0.036083        0.037439      600
0.034881        0.059374      601
0.036012        0.037447      602
0.034830        0.059396      603
0.035942        0.037454      604
0.034780        0.059428      605
0.035873        0.037460      606
0.034731        0.059467      607
0.035806        0.037466      608
0.034683        0.059515      609
0.035740        0.037471      610
0.034636        0.059569      611
0.035675        0.037475      612
0.034590        0.059627      613
0.035611        0.037479      614
0.034545        0.059690      615
0.035548        0.037482      616
0.034501        0.059755      617
0.035486        0.037483      618
0.034457        0.059820      619
0.035424        0.037483      620
0.034414        0.059885      621
0.035364        0.037480      622
0.034372        0.059946      623
0.035304        0.037475      624
0.034330        0.060002      625
0.035244        0.037466      626
0.034287        0.060049      627
0.035185        0.037453      628
0.034245        0.060086      629
0.035126        0.037435      630
0.034202        0.060110      631
0.035067        0.037412      632
0.034158        0.060119      633
0.035008        0.037385      634
0.034113        0.060112      635
0.034949        0.037352      636
0.034068        0.060089      637
0.034890        0.037316      638
0.034022        0.060049      639
0.034831        0.037276      640
0.033975        0.059995      641
0.034771        0.037233      642
0.033928        0.059928      643
0.034710        0.037188      644
0.033880        0.059851      645
0.034650        0.037142      646
0.033831        0.059765      647
0.034589        0.037094      648
0.033782        0.059673      649
0.034528        0.037047      650
0.033732        0.059577      651
0.034467        0.036999      652
0.033681        0.059478      653
0.034405        0.036951      654
0.033629        0.059378      655
0.034344        0.036904      656
0.033577        0.059278      657
0.034284        0.036856      658
0.033523        0.059178      659
0.034223        0.036809      660
0.033469        0.059080      661
0.034163        0.036763      662
0.033413        0.058982      663
0.034104        0.036716      664
0.033357        0.058886      665
0.034045        0.036669      666
0.033299        0.058791      667
0.033987        0.036623      668
0.033239        0.058697      669
0.033929        0.036576      670
0.033179        0.058605      671
0.033871        0.036530      672
0.033118        0.058514      673
0.033814        0.036483      674
0.033055        0.058425      675
0.033758        0.036436      676
0.032992        0.058336      677
0.033702        0.036389      678
0.032928        0.058249      679
0.033647        0.036342      680
0.032863        0.058162      681
0.033592        0.036295      682
0.032797        0.058077      683
0.033537        0.036248      684
0.032731        0.057992      685
0.033483        0.036200      686
0.032664        0.057908      687
0.033429        0.036153      688
0.032597        0.057826      689
0.033375        0.036106      690
0.032530        0.057744      691
0.033322        0.036059      692
0.032462        0.057664      693
0.033268        0.036012      694
0.032395        0.057584      695
0.033215        0.035965      696
0.032328        0.057506      697
0.033163        0.035919      698
0.032261        0.057429      699
0.033110        0.035873      700
0.032194        0.057353      701
0.033058        0.035827      702
0.032128        0.057279      703
0.033006        0.035782      704
0.032062        0.057206      705
0.032954        0.035737      706
0.031996        0.057134      707
0.032902        0.035693      708
0.031931        0.057064      709
0.032851        0.035650      710
0.031867        0.056996      711
0.032800        0.035607      712
0.031803        0.056929      713
0.032749        0.035564      714
0.031740        0.056863      715
0.032699        0.035523      716
0.031677        0.056799      717
0.032649        0.035482      718
0.031615        0.056736      719
0.032599        0.035441      720
0.031553        0.056674      721
0.032550        0.035402      722
0.031492        0.056614      723
0.032501        0.035363      724
0.031432        0.056556      725
0.032452        0.035324      726
0.031372        0.056498      727
0.032404        0.035287      728
0.031313        0.056442      729
0.032357        0.035250      730
0.031254        0.056387      731
0.032310        0.035213      732
0.031195        0.056332      733
0.032263        0.035177      734
0.031137        0.056279      735
0.032217        0.035141      736
0.031079        0.056227      737
0.032172        0.035106      738
0.031022        0.056176      739
0.032127        0.035072      740
0.030965        0.056125      741
0.032083        0.035037      742
0.030909        0.056076      743
0.032039        0.035004      744
0.030853        0.056027      745
0.031996        0.034970      746
0.030797        0.055980      747
0.031953        0.034937      748
0.030741        0.055933      749
0.031911        0.034904      750
0.030686        0.055887      751
0.031870        0.034872      752
0.030631        0.055842      753
0.031829        0.034840      754
0.030577        0.055798      755
0.031789        0.034808      756
0.030522        0.055755      757
0.031750        0.034777      758
0.030468        0.055713      759
0.031711        0.034745      760
0.030415        0.055672      761
0.031672        0.034714      762
0.030361        0.055632      763
0.031635        0.034684      764
0.030308        0.055593      765
0.031598        0.034653      766
0.030255        0.055555      767
0.031561        0.034623      768
0.030203        0.055518      769
0.031525        0.034593      770
0.030151        0.055483      771
0.031490        0.034563      772
0.030099        0.055448      773
0.031455        0.034534      774
0.030047        0.055414      775
0.031420        0.034505      776
0.029996        0.055381      777
0.031386        0.034476      778
0.029946        0.055349      779
0.031353        0.034447      780
0.029896        0.055318      781
0.031320        0.034419      782
0.029846        0.055288      783
0.031287        0.034390      784
0.029797        0.055259      785
0.031254        0.034362      786
0.029749        0.055230      787
0.031222        0.034334      788
0.029700        0.055203      789
0.031190        0.034307      790
0.029653        0.055177      791
0.031158        0.034279      792
0.029606        0.055151      793
0.031126        0.034252      794
0.029560        0.055127      795
0.031095        0.034225      796
0.029514        0.055103      797
0.031063        0.034198      798
0.029468        0.055080      799
0.031032        0.034172      800
0.029424        0.055058      801
0.031001        0.034145      802
0.029380        0.055036      803
0.030970        0.034119      804
0.029336        0.055016      805
0.030939        0.034093      806
0.029293        0.054996      807
0.030908        0.034067      808
0.029250        0.054977      809
0.030877        0.034041      810
0.029208        0.054959      811
0.030846        0.034016      812
0.029167        0.054941      813
0.030815        0.033990      814
0.029126        0.054924      815
0.030784        0.033965      816
0.029085        0.054908      817
0.030752        0.033939      818
0.029045        0.054892      819
0.030721        0.033914      820
0.029005        0.054878      821
0.030689        0.033889      822
0.028965        0.054863      823
0.030657        0.033863      824
0.028926        0.054850      825
0.030624        0.033838      826
0.028887        0.054837      827
0.030591        0.033813      828
0.028848        0.054825      829
0.030558        0.033789      830
0.028809        0.054813      831
0.030524        0.033764      832
0.028770        0.054802      833
0.030489        0.033740      834
0.028731        0.054792      835
0.030454        0.033717      836
0.028692        0.054782      837
0.030418        0.033693      838
0.028653        0.054773      839
0.030381        0.033670      840
0.028615        0.054765      841
0.030345        0.033647      842
0.028576        0.054757      843
0.030309        0.033623      844
0.028538        0.054750      845
0.030275        0.033597      846
0.028501        0.054744      847
0.030242        0.033570      848
0.028465        0.054737      849
0.030211        0.033539      850
0.028430        0.054729      851
0.030182        0.033505      852
0.028396        0.054720      853
0.030154        0.033468      854
0.028362        0.054710      855
0.030128        0.033427      856
0.028330        0.054699      857
0.030102        0.033384      858
0.028298        0.054687      859
0.030078        0.033338      860
0.028268        0.054676      861
0.030053        0.033289      862
0.028237        0.054664      863
0.030029        0.033239      864
0.028208        0.054652      865
0.030005        0.033187      866
0.028179        0.054641      867
0.029981        0.033134      868
0.028150        0.054630      869
0.029956        0.033079      870
0.028122        0.054620      871
0.029932        0.033023      872
0.028094        0.054611      873
0.029907        0.032966      874
0.028067        0.054602      875
0.029882        0.032908      876
0.028040        0.054594      877
0.029856        0.032850      878
0.028013        0.054587      879
0.029830        0.032790      880
0.027987        0.054580      881
0.029804        0.032730      882
0.027961        0.054574      883
0.029777        0.032669      884
0.027935        0.054569      885
0.029750        0.032608      886
0.027909        0.054563      887
0.029723        0.032546      888
0.027883        0.054558      889
0.029694        0.032485      890
0.027857        0.054554      891
0.029665        0.032423      892
0.027832        0.054549      893
0.029636        0.032363      894
0.027806        0.054545      895
0.029605        0.032302      896
0.027781        0.054540      897
0.029574        0.032243      898
0.027755        0.054536      899
0.029542        0.032186      900
0.027730        0.054531      901
0.029510        0.032129      902
0.027704        0.054527      903
0.029476        0.032074      904
0.027678        0.054522      905
0.029442        0.032022      906
0.027652        0.054518      907
0.029406        0.031971      908
0.027625        0.054513      909
0.029370        0.031923      910
0.027599        0.054509      911
0.029334        0.031877      912
0.027571        0.054504      913
0.029296        0.031834      914
0.027544        0.054499      915
0.029258        0.031794      916
0.027515        0.054495      917
0.029219        0.031757      918
0.027486        0.054490      919
0.029180        0.031722      920
0.027457        0.054485      921
0.029139        0.031690      922
0.027426        0.054480      923
0.029099        0.031661      924
0.027395        0.054476      925
0.029058        0.031635      926
0.027363        0.054471      927
0.029016        0.031612      928
0.027329        0.054466      929
0.028974        0.031591      930
0.027295        0.054461      931
0.028931        0.031573      932
0.027260        0.054455      933
0.028888        0.031556      934
0.027224        0.054449      935
0.028845        0.031541      936
0.027188        0.054441      937
0.028803        0.031527      938
0.027152        0.054433      939
0.028761        0.031512      940
0.027117        0.054423      941
0.028719        0.031497      942
0.027083        0.054411      943
0.028679        0.031480      944
0.027050        0.054399      945
0.028641        0.031461      946
0.027019        0.054386      947
0.028603        0.031440      948
0.026989        0.054374      949
0.028566        0.031418      950
0.026961        0.054362      951
0.028530        0.031394      952
0.026934        0.054353      953
0.028495        0.031370      954
0.026908        0.054345      955
0.028461        0.031345      956
0.026882        0.054339      957
0.028428        0.031320      958
0.026857        0.054336      959
0.028396        0.031295      960
0.026833        0.054334      961
0.028364        0.031270      962
0.026808        0.054334      963
0.028334        0.031245      964
0.026784        0.054336      965
0.028303        0.031219      966
0.026760        0.054338      967
0.028274        0.031194      968
0.026737        0.054342      969
0.028245        0.031168      970
0.026713        0.054347      971
0.028216        0.031142      972
0.026690        0.054353      973
0.028188        0.031116      974
0.026667        0.054359      975
0.028160        0.031089      976
0.026644        0.054367      977
0.028133        0.031063      978
0.026621        0.054374      979
0.028106        0.031036      980
0.026598        0.054383      981
0.028079        0.031009      982
0.026576        0.054392      983
0.028053        0.030981      984
0.026554        0.054402      985
0.028026        0.030953      986
0.026532        0.054412      987
0.028001        0.030925      988
0.026510        0.054423      989
0.027975        0.030896      990
0.026489        0.054435      991
0.027950        0.030867      992
0.026468        0.054447      993
0.027925        0.030838      994
0.026448        0.054461      995
0.027900        0.030809      996
0.026428        0.054475      997
0.027876        0.030779      998
0.026409        0.054491      999
0.027851        0.030748      1000
