2.010411        0.283662      1
0.189072        0.189347      2
0.189072        0.189347      3
0.189072        0.189347      4
0.189072        0.189347      5
0.189072        0.189347      6
0.189072        0.189347      7
0.189072        0.189347      8
0.189072        0.189347      9
0.189072        0.189347      10
0.189072        0.189347      11
0.189072        0.189347      12
0.189072        0.189347      13
0.189072        0.189347      14
0.189072        0.189347      15
0.189072        0.189347      16
0.189071        0.189347      17
0.189071        0.189347      18
0.189071        0.189347      19
0.189071        0.189347      20
0.189071        0.189347      21
0.189071        0.189347      22
0.189071        0.189347      23
0.189071        0.189347      24
0.189071        0.189347      25
0.189071        0.189347      26
0.189071        0.189347      27
0.189071        0.189347      28
0.189071        0.189347      29
0.189071        0.189347      30
0.189071        0.189347      31
0.189071        0.189347      32
0.189071        0.189347      33
0.189071        0.189347      34
0.189071        0.189347      35
0.189071        0.189347      36
0.189071        0.189347      37
0.189071        0.189347      38
0.189071        0.189347      39
0.189071        0.189347      40
0.189071        0.189347      41
0.189071        0.189347      42
0.189071        0.189347      43
0.189071        0.189347      44
0.189071        0.189347      45
0.189071        0.189347      46
0.189071        0.189347      47
0.189071        0.189347      48
0.189071        0.189347      49
0.189071        0.189347      50
0.189071        0.189347      51
0.189071        0.189347      52
0.189071        0.189347      53
0.189071        0.189347      54
0.189071        0.189347      55
0.189071        0.189347      56
0.189071        0.189347      57
0.189071        0.189347      58
0.189071        0.189347      59
0.189071        0.189347      60
0.189071        0.189347      61
0.189071        0.189347      62
0.189071        0.189347      63
0.189071        0.189347      64
0.189071        0.189347      65
0.189071        0.189347      66
0.189071        0.189347      67
0.189071        0.189347      68
0.189071        0.189347      69
0.189071        0.189347      70
0.189071        0.189347      71
0.189071        0.189347      72
0.189071        0.189347      73
0.189071        0.189347      74
0.189071        0.189347      75
0.189071        0.189347      76
0.189071        0.189347      77
0.189071        0.189347      78
0.189071        0.189347      79
0.189071        0.189347      80
0.189071        0.189347      81
0.189071        0.189347      82
0.189071        0.189347      83
0.189071        0.189347      84
0.189071        0.189347      85
0.189071        0.189347      86
0.189071        0.189347      87
0.189071        0.189347      88
0.189071        0.189347      89
0.189071        0.189347      90
0.189071        0.189347      91
0.189071        0.189347      92
0.189071        0.189347      93
0.189071        0.189347      94
0.189071        0.189347      95
0.189071        0.189347      96
0.189071        0.189347      97
0.189071        0.189347      98
0.189071        0.189347      99
0.189071        0.189346      100
0.189071        0.189346      101
0.189071        0.189346      102
0.189071        0.189346      103
0.189071        0.189346      104
0.189071        0.189346      105
0.189071        0.189346      106
0.189071        0.189346      107
0.189071        0.189346      108
0.189071        0.189346      109
0.189071        0.189346      110
0.189071        0.189346      111
0.189071        0.189346      112
0.189071        0.189346      113
0.189071        0.189346      114
0.189071        0.189346      115
0.189071        0.189346      116
0.189071        0.189346      117
0.189071        0.189346      118
0.189071        0.189346      119
0.189071        0.189346      120
0.189071        0.189346      121
0.189071        0.189346      122
0.189071        0.189346      123
0.189071        0.189346      124
0.189071        0.189346      125
0.189070        0.189346      126
0.189070        0.189346      127
0.189070        0.189346      128
0.189070        0.189346      129
0.189070        0.189346      130
0.189070        0.189346      131
0.189070        0.189346      132
0.189070        0.189346      133
0.189070        0.189346      134
0.189070        0.189346      135
0.189070        0.189346      136
0.189070        0.189346      137
0.189070        0.189346      138
0.189070        0.189346      139
0.189070        0.189346      140
0.189070        0.189346      141
0.189070        0.189346      142
0.189070        0.189346      143
0.189070        0.189346      144
0.189070        0.189346      145
0.189070        0.189346      146
0.189070        0.189346      147
0.189070        0.189346      148
0.189070        0.189346      149
0.189070        0.189346      150
0.189070        0.189346      151
0.189070        0.189346      152
0.189070        0.189346      153
0.189070        0.189346      154
0.189070        0.189346      155
0.189070        0.189346      156
0.189070        0.189346      157
0.189070        0.189346      158
0.189070        0.189346      159
0.189070        0.189346      160
0.189070        0.189346      161
0.189070        0.189346      162
0.189070        0.189346      163
0.189070        0.189346      164
0.189070        0.189345      165
0.189070        0.189345      166
0.189070        0.189345      167
0.189070        0.189345      168
0.189069        0.189345      169
0.189069        0.189345      170
0.189069        0.189345      171
0.189069        0.189345      172
0.189069        0.189345      173
0.189069        0.189345      174
0.189069        0.189345      175
0.189069        0.189345      176
0.189069        0.189345      177
0.189069        0.189344      178
0.189068        0.189344      179
0.189068        0.189344      180
0.189068        0.189344      181
0.189067        0.189344      182
0.189067        0.189343      183
0.189066        0.189343      184
0.189065        0.189342      185
0.189064        0.189341      186
0.189061        0.189339      187
0.189054        0.189335      188
0.189016        0.189322      189
0.188927        0.189094      190
0.189848        0.193116      191
0.189071        0.189346      192
0.189071        0.189346      193
0.189071        0.189346      194
0.189071        0.189346      195
0.189071        0.189346      196
0.189071        0.189346      197
0.189071        0.189346      198
0.189071        0.189346      199
0.189071        0.189346      200
0.189071        0.189346      201
0.189071        0.189346      202
0.189071        0.189346      203
0.189071        0.189346      204
0.189071        0.189346      205
0.189071        0.189346      206
0.189071        0.189346      207
0.189071        0.189346      208
0.189070        0.189346      209
0.189070        0.189346      210
0.189070        0.189346      211
0.189070        0.189346      212
0.189070        0.189346      213
0.189070        0.189346      214
0.189070        0.189346      215
0.189070        0.189346      216
0.189070        0.189346      217
0.189070        0.189346      218
0.189070        0.189346      219
0.189070        0.189346      220
0.189070        0.189346      221
0.189070        0.189346      222
0.189070        0.189346      223
0.189070        0.189346      224
0.189070        0.189346      225
0.189070        0.189346      226
0.189070        0.189346      227
0.189070        0.189345      228
0.189070        0.189345      229
0.189070        0.189345      230
0.189070        0.189345      231
0.189070        0.189345      232
0.189069        0.189345      233
0.189069        0.189345      234
0.189069        0.189345      235
0.189069        0.189345      236
0.189069        0.189345      237
0.189069        0.189345      238
0.189069        0.189345      239
0.189069        0.189344      240
0.189068        0.189344      241
0.189068        0.189344      242
0.189068        0.189344      243
0.189068        0.189344      244
0.189067        0.189343      245
0.189067        0.189343      246
0.189066        0.189343      247
0.189066        0.189342      248
0.189065        0.189341      249
0.189063        0.189340      250
0.189061        0.189338      251
0.189057        0.189336      252
0.189040        0.189328      253
0.189349        0.189285      254
0.189068        0.189344      255
0.189067        0.189343      256
0.189067        0.189342      257
0.189065        0.189341      258
0.189063        0.189339      259
0.189057        0.189336      260
0.189029        0.189325      261
0.189095        0.189201      262
0.189064        0.189340      263
0.189060        0.189338      264
0.189050        0.189332      265
0.190056        0.189311      266
0.189095        0.190114      267
0.189071        0.189346      268
0.189071        0.189346      269
0.189071        0.189346      270
0.189071        0.189346      271
0.189071        0.189346      272
0.189071        0.189346      273
0.189071        0.189346      274
0.189071        0.189346      275
0.189071        0.189346      276
0.189071        0.189346      277
0.189071        0.189346      278
0.189071        0.189346      279
0.189071        0.189346      280
0.189071        0.189346      281
0.189071        0.189346      282
0.189071        0.189346      283
0.189071        0.189346      284
0.189071        0.189346      285
0.189071        0.189346      286
0.189071        0.189346      287
0.189071        0.189346      288
0.189071        0.189346      289
0.189071        0.189346      290
0.189071        0.189346      291
0.189071        0.189346      292
0.189071        0.189346      293
0.189071        0.189346      294
0.189071        0.189346      295
0.189071        0.189346      296
0.189071        0.189346      297
0.189071        0.189346      298
0.189071        0.189346      299
0.189071        0.189346      300
0.189071        0.189346      301
0.189071        0.189346      302
0.189071        0.189346      303
0.189071        0.189346      304
0.189071        0.189346      305
0.189071        0.189346      306
0.189071        0.189346      307
0.189071        0.189346      308
0.189071        0.189346      309
0.189071        0.189346      310
0.189071        0.189346      311
0.189071        0.189346      312
0.189071        0.189346      313
0.189071        0.189346      314
0.189071        0.189346      315
0.189071        0.189346      316
0.189071        0.189346      317
0.189071        0.189346      318
0.189071        0.189346      319
0.189071        0.189346      320
0.189071        0.189346      321
0.189071        0.189346      322
0.189071        0.189346      323
0.189071        0.189346      324
0.189071        0.189346      325
0.189071        0.189346      326
0.189071        0.189346      327
0.189071        0.189346      328
0.189071        0.189346      329
0.189071        0.189346      330
0.189071        0.189346      331
0.189071        0.189346      332
0.189071        0.189346      333
0.189071        0.189346      334
0.189071        0.189346      335
0.189071        0.189346      336
0.189071        0.189346      337
0.189071        0.189346      338
0.189071        0.189346      339
0.189071        0.189346      340
0.189071        0.189346      341
0.189071        0.189346      342
0.189071        0.189346      343
0.189071        0.189346      344
0.189071        0.189346      345
0.189071        0.189346      346
0.189071        0.189346      347
0.189071        0.189346      348
0.189071        0.189346      349
0.189071        0.189346      350
0.189071        0.189346      351
0.189071        0.189346      352
0.189071        0.189346      353
0.189071        0.189346      354
0.189071        0.189346      355
0.189071        0.189346      356
0.189071        0.189346      357
0.189071        0.189346      358
0.189071        0.189346      359
0.189071        0.189346      360
0.189071        0.189346      361
0.189071        0.189346      362
0.189071        0.189346      363
0.189071        0.189346      364
0.189071        0.189346      365
0.189071        0.189346      366
0.189071        0.189346      367
0.189071        0.189346      368
0.189071        0.189346      369
0.189071        0.189346      370
0.189071        0.189346      371
0.189071        0.189346      372
0.189071        0.189346      373
0.189071        0.189346      374
0.189071        0.189346      375
0.189071        0.189346      376
0.189071        0.189346      377
0.189071        0.189346      378
0.189071        0.189346      379
0.189071        0.189346      380
0.189071        0.189346      381
0.189071        0.189346      382
0.189071        0.189346      383
0.189071        0.189346      384
0.189071        0.189346      385
0.189071        0.189346      386
0.189071        0.189346      387
0.189071        0.189346      388
0.189071        0.189346      389
0.189071        0.189346      390
0.189071        0.189346      391
0.189071        0.189346      392
0.189071        0.189346      393
0.189071        0.189346      394
0.189071        0.189346      395
0.189071        0.189346      396
0.189071        0.189346      397
0.189071        0.189346      398
0.189071        0.189346      399
0.189071        0.189346      400
0.189071        0.189346      401
0.189071        0.189346      402
0.189071        0.189346      403
0.189071        0.189346      404
0.189071        0.189346      405
0.189071        0.189346      406
0.189071        0.189346      407
0.189071        0.189346      408
0.189071        0.189346      409
0.189071        0.189346      410
0.189071        0.189346      411
0.189071        0.189346      412
0.189071        0.189346      413
0.189071        0.189346      414
0.189071        0.189346      415
0.189071        0.189346      416
0.189071        0.189346      417
0.189071        0.189346      418
0.189071        0.189346      419
0.189071        0.189346      420
0.189071        0.189346      421
0.189071        0.189346      422
0.189071        0.189346      423
0.189071        0.189346      424
0.189071        0.189346      425
0.189071        0.189346      426
0.189071        0.189346      427
0.189071        0.189346      428
0.189071        0.189346      429
0.189071        0.189346      430
0.189071        0.189346      431
0.189071        0.189346      432
0.189071        0.189346      433
0.189071        0.189346      434
0.189071        0.189346      435
0.189071        0.189346      436
0.189071        0.189346      437
0.189071        0.189346      438
0.189071        0.189346      439
0.189071        0.189346      440
0.189071        0.189346      441
0.189071        0.189346      442
0.189071        0.189346      443
0.189071        0.189346      444
0.189071        0.189346      445
0.189071        0.189346      446
0.189071        0.189346      447
0.189071        0.189346      448
0.189071        0.189346      449
0.189071        0.189346      450
0.189071        0.189346      451
0.189071        0.189346      452
0.189071        0.189346      453
0.189071        0.189346      454
0.189071        0.189346      455
0.189071        0.189346      456
0.189071        0.189346      457
0.189071        0.189346      458
0.189071        0.189346      459
0.189071        0.189346      460
0.189071        0.189346      461
0.189070        0.189346      462
0.189070        0.189346      463
0.189070        0.189346      464
0.189070        0.189346      465
0.189070        0.189346      466
0.189070        0.189346      467
0.189070        0.189346      468
0.189070        0.189346      469
0.189070        0.189346      470
0.189070        0.189346      471
0.189070        0.189346      472
0.189070        0.189346      473
0.189070        0.189346      474
0.189070        0.189346      475
0.189070        0.189346      476
0.189070        0.189346      477
0.189070        0.189346      478
0.189070        0.189346      479
0.189070        0.189346      480
0.189070        0.189346      481
0.189070        0.189346      482
0.189070        0.189346      483
0.189070        0.189346      484
0.189070        0.189346      485
0.189070        0.189346      486
0.189070        0.189346      487
0.189070        0.189346      488
0.189070        0.189346      489
0.189070        0.189346      490
0.189070        0.189346      491
0.189070        0.189346      492
0.189070        0.189346      493
0.189070        0.189346      494
0.189070        0.189346      495
0.189070        0.189346      496
0.189070        0.189346      497
0.189070        0.189346      498
0.189070        0.189346      499
0.189070        0.189346      500
0.189070        0.189346      501
0.189070        0.189346      502
0.189070        0.189346      503
0.189070        0.189346      504
0.189070        0.189346      505
0.189070        0.189346      506
0.189070        0.189346      507
0.189070        0.189346      508
0.189070        0.189346      509
0.189070        0.189346      510
0.189070        0.189346      511
0.189070        0.189346      512
0.189070        0.189346      513
0.189070        0.189346      514
0.189070        0.189346      515
0.189070        0.189346      516
0.189070        0.189346      517
0.189070        0.189346      518
0.189070        0.189345      519
0.189070        0.189345      520
0.189070        0.189345      521
0.189070        0.189345      522
0.189070        0.189345      523
0.189070        0.189345      524
0.189069        0.189345      525
0.189069        0.189345      526
0.189069        0.189345      527
0.189069        0.189345      528
0.189069        0.189345      529
0.189069        0.189345      530
0.189069        0.189344      531
0.189068        0.189344      532
0.189068        0.189344      533
0.189068        0.189344      534
0.189067        0.189343      535
0.189067        0.189343      536
0.189066        0.189342      537
0.189065        0.189341      538
0.189062        0.189339      539
0.189057        0.189336      540
0.189032        0.189327      541
0.189071        0.189232      542
0.189059        0.189338      543
0.189046        0.189332      544
0.189441        0.189302      545
0.189071        0.189346      546
0.189071        0.189346      547
0.189071        0.189346      548
0.189071        0.189346      549
0.189071        0.189346      550
0.189071        0.189346      551
0.189071        0.189346      552
0.189071        0.189346      553
0.189071        0.189346      554
0.189071        0.189346      555
0.189071        0.189346      556
0.189071        0.189346      557
0.189071        0.189346      558
0.189071        0.189346      559
0.189071        0.189346      560
0.189071        0.189346      561
0.189071        0.189346      562
0.189071        0.189346      563
0.189071        0.189346      564
0.189071        0.189346      565
0.189071        0.189346      566
0.189071        0.189346      567
0.189071        0.189346      568
0.189071        0.189346      569
0.189071        0.189346      570
0.189071        0.189346      571
0.189071        0.189346      572
0.189071        0.189346      573
0.189071        0.189346      574
0.189071        0.189346      575
0.189071        0.189346      576
0.189071        0.189346      577
0.189071        0.189346      578
0.189071        0.189346      579
0.189071        0.189346      580
0.189071        0.189346      581
0.189071        0.189346      582
0.189071        0.189346      583
0.189071        0.189346      584
0.189071        0.189346      585
0.189071        0.189346      586
0.189071        0.189346      587
0.189071        0.189346      588
0.189071        0.189346      589
0.189071        0.189346      590
0.189071        0.189346      591
0.189071        0.189346      592
0.189071        0.189346      593
0.189071        0.189346      594
0.189071        0.189346      595
0.189071        0.189346      596
0.189071        0.189346      597
0.189071        0.189346      598
0.189071        0.189346      599
0.189071        0.189346      600
0.189071        0.189346      601
0.189071        0.189346      602
0.189071        0.189346      603
0.189071        0.189346      604
0.189071        0.189346      605
0.189071        0.189346      606
0.189070        0.189346      607
0.189070        0.189346      608
0.189070        0.189346      609
0.189070        0.189346      610
0.189070        0.189346      611
0.189070        0.189346      612
0.189070        0.189346      613
0.189070        0.189346      614
0.189070        0.189346      615
0.189070        0.189346      616
0.189070        0.189346      617
0.189070        0.189346      618
0.189070        0.189346      619
0.189070        0.189346      620
0.189070        0.189346      621
0.189070        0.189346      622
0.189070        0.189346      623
0.189070        0.189346      624
0.189070        0.189346      625
0.189070        0.189346      626
0.189070        0.189346      627
0.189070        0.189346      628
0.189070        0.189346      629
0.189070        0.189346      630
0.189070        0.189346      631
0.189070        0.189346      632
0.189070        0.189346      633
0.189070        0.189346      634
0.189070        0.189346      635
0.189070        0.189346      636
0.189070        0.189346      637
0.189070        0.189346      638
0.189070        0.189346      639
0.189070        0.189346      640
0.189070        0.189346      641
0.189070        0.189346      642
0.189070        0.189346      643
0.189070        0.189346      644
0.189070        0.189346      645
0.189070        0.189346      646
0.189070        0.189346      647
0.189070        0.189346      648
0.189070        0.189346      649
0.189070        0.189346      650
0.189070        0.189346      651
0.189070        0.189346      652
0.189070        0.189346      653
0.189070        0.189346      654
0.189070        0.189346      655
0.189070        0.189346      656
0.189070        0.189346      657
0.189070        0.189346      658
0.189070        0.189346      659
0.189070        0.189346      660
0.189070        0.189346      661
0.189070        0.189346      662
0.189070        0.189346      663
0.189070        0.189346      664
0.189070        0.189346      665
0.189070        0.189346      666
0.189070        0.189346      667
0.189070        0.189346      668
0.189070        0.189346      669
0.189070        0.189346      670
0.189070        0.189346      671
0.189070        0.189346      672
0.189070        0.189345      673
0.189070        0.189345      674
0.189070        0.189345      675
0.189069        0.189345      676
0.189069        0.189345      677
0.189069        0.189345      678
0.189069        0.189345      679
0.189069        0.189345      680
0.189069        0.189345      681
0.189069        0.189345      682
0.189069        0.189345      683
0.189068        0.189344      684
0.189068        0.189344      685
0.189068        0.189344      686
0.189067        0.189343      687
0.189066        0.189343      688
0.189065        0.189342      689
0.189063        0.189340      690
0.189059        0.189338      691
0.189044        0.189331      692
0.189057        0.189291      693
0.189600        0.189275      694
0.189070        0.189346      695
0.189070        0.189346      696
0.189070        0.189346      697
0.189070        0.189346      698
0.189070        0.189346      699
0.189070        0.189346      700
0.189070        0.189346      701
0.189070        0.189346      702
0.189070        0.189346      703
0.189070        0.189346      704
0.189070        0.189346      705
0.189070        0.189346      706
0.189070        0.189346      707
0.189070        0.189346      708
0.189070        0.189346      709
0.189070        0.189346      710
0.189070        0.189346      711
0.189070        0.189346      712
0.189070        0.189346      713
0.189070        0.189346      714
0.189070        0.189346      715
0.189070        0.189346      716
0.189070        0.189346      717
0.189070        0.189346      718
0.189070        0.189346      719
0.189070        0.189346      720
0.189070        0.189346      721
0.189070        0.189346      722
0.189070        0.189346      723
0.189070        0.189346      724
0.189070        0.189346      725
0.189070        0.189346      726
0.189070        0.189346      727
0.189070        0.189346      728
0.189070        0.189346      729
0.189070        0.189346      730
0.189070        0.189346      731
0.189070        0.189346      732
0.189070        0.189346      733
0.189070        0.189346      734
0.189070        0.189346      735
0.189070        0.189346      736
0.189070        0.189346      737
0.189070        0.189346      738
0.189070        0.189346      739
0.189070        0.189346      740
0.189070        0.189346      741
0.189070        0.189346      742
0.189070        0.189346      743
0.189070        0.189346      744
0.189070        0.189346      745
0.189070        0.189346      746
0.189070        0.189346      747
0.189070        0.189346      748
0.189070        0.189346      749
0.189070        0.189346      750
0.189070        0.189345      751
0.189070        0.189345      752
0.189070        0.189345      753
0.189070        0.189345      754
0.189070        0.189345      755
0.189070        0.189345      756
0.189070        0.189345      757
0.189070        0.189345      758
0.189070        0.189345      759
0.189070        0.189345      760
0.189069        0.189345      761
0.189069        0.189345      762
0.189069        0.189345      763
0.189069        0.189345      764
0.189069        0.189345      765
0.189069        0.189345      766
0.189069        0.189345      767
0.189069        0.189345      768
0.189069        0.189345      769
0.189069        0.189345      770
0.189069        0.189345      771
0.189069        0.189344      772
0.189069        0.189344      773
0.189068        0.189344      774
0.189068        0.189344      775
0.189068        0.189344      776
0.189068        0.189344      777
0.189068        0.189344      778
0.189068        0.189343      779
0.189067        0.189343      780
0.189067        0.189343      781
0.189066        0.189342      782
0.189066        0.189342      783
0.189065        0.189341      784
0.189064        0.189340      785
0.189061        0.189339      786
0.189057        0.189336      787
0.189041        0.189329      788
0.189769        0.189290      789
0.189068        0.189317      790
0.189541        0.189279      791
0.189053        0.189333      792
0.188809        0.189322      793
0.189416        0.182015      794
0.189541        0.187266      795
0.189286        0.186043      796
0.189035        0.189324      797
0.189600        0.189275      798
0.188976        0.189325      799
0.189956        0.187630      800
0.189066        0.189343      801
0.189065        0.189341      802
0.189062        0.189339      803
0.189052        0.189335      804
0.190557        0.189313      805
0.189796        0.189372      806
0.189953        0.276767      807
0.189064        0.189341      808
0.189060        0.189338      809
0.189043        0.189331      810
0.193231        0.189285      811
0.190430        0.189265      812
0.189071        0.189346      813
0.189071        0.189346      814
0.189071        0.189346      815
0.189071        0.189346      816
0.189071        0.189346      817
0.189071        0.189346      818
0.189071        0.189346      819
0.189071        0.189346      820
0.189071        0.189346      821
0.189071        0.189346      822
0.189071        0.189346      823
0.189071        0.189346      824
0.189071        0.189346      825
0.189071        0.189346      826
0.189071        0.189346      827
0.189071        0.189346      828
0.189071        0.189346      829
0.189071        0.189346      830
0.189071        0.189346      831
0.189071        0.189346      832
0.189071        0.189346      833
0.189071        0.189346      834
0.189071        0.189346      835
0.189071        0.189346      836
0.189071        0.189346      837
0.189071        0.189346      838
0.189071        0.189346      839
0.189071        0.189346      840
0.189071        0.189346      841
0.189071        0.189346      842
0.189071        0.189346      843
0.189071        0.189346      844
0.189071        0.189346      845
0.189071        0.189346      846
0.189071        0.189346      847
0.189071        0.189346      848
0.189071        0.189346      849
0.189071        0.189346      850
0.189071        0.189346      851
0.189071        0.189346      852
0.189071        0.189346      853
0.189071        0.189346      854
0.189071        0.189346      855
0.189071        0.189346      856
0.189071        0.189346      857
0.189071        0.189346      858
0.189071        0.189346      859
0.189071        0.189346      860
0.189071        0.189346      861
0.189071        0.189346      862
0.189071        0.189346      863
0.189071        0.189346      864
0.189071        0.189346      865
0.189071        0.189346      866
0.189071        0.189346      867
0.189071        0.189346      868
0.189071        0.189346      869
0.189071        0.189346      870
0.189071        0.189346      871
0.189071        0.189346      872
0.189071        0.189346      873
0.189071        0.189346      874
0.189071        0.189346      875
0.189071        0.189346      876
0.189071        0.189346      877
0.189071        0.189346      878
0.189071        0.189346      879
0.189071        0.189346      880
0.189071        0.189346      881
0.189071        0.189346      882
0.189071        0.189346      883
0.189071        0.189346      884
0.189071        0.189346      885
0.189071        0.189346      886
0.189071        0.189346      887
0.189071        0.189346      888
0.189071        0.189346      889
0.189071        0.189346      890
0.189071        0.189346      891
0.189071        0.189346      892
0.189071        0.189346      893
0.189071        0.189346      894
0.189071        0.189346      895
0.189071        0.189346      896
0.189071        0.189346      897
0.189071        0.189346      898
0.189071        0.189346      899
0.189071        0.189346      900
0.189071        0.189346      901
0.189071        0.189346      902
0.189071        0.189346      903
0.189071        0.189346      904
0.189071        0.189346      905
0.189071        0.189346      906
0.189071        0.189346      907
0.189071        0.189346      908
0.189071        0.189346      909
0.189071        0.189346      910
0.189071        0.189346      911
0.189071        0.189346      912
0.189071        0.189346      913
0.189071        0.189346      914
0.189071        0.189346      915
0.189071        0.189346      916
0.189071        0.189346      917
0.189071        0.189346      918
0.189071        0.189346      919
0.189071        0.189346      920
0.189071        0.189346      921
0.189071        0.189346      922
0.189071        0.189346      923
0.189071        0.189346      924
0.189071        0.189346      925
0.189071        0.189346      926
0.189071        0.189346      927
0.189071        0.189346      928
0.189071        0.189346      929
0.189071        0.189346      930
0.189071        0.189346      931
0.189071        0.189346      932
0.189071        0.189346      933
0.189071        0.189346      934
0.189071        0.189346      935
0.189071        0.189346      936
0.189071        0.189346      937
0.189071        0.189346      938
0.189071        0.189346      939
0.189071        0.189346      940
0.189071        0.189346      941
0.189071        0.189346      942
0.189071        0.189346      943
0.189071        0.189346      944
0.189071        0.189346      945
0.189071        0.189346      946
0.189071        0.189346      947
0.189071        0.189346      948
0.189071        0.189346      949
0.189071        0.189346      950
0.189071        0.189346      951
0.189071        0.189346      952
0.189071        0.189346      953
0.189071        0.189346      954
0.189071        0.189346      955
0.189071        0.189346      956
0.189071        0.189346      957
0.189071        0.189346      958
0.189071        0.189346      959
0.189071        0.189346      960
0.189071        0.189346      961
0.189071        0.189346      962
0.189071        0.189346      963
0.189071        0.189346      964
0.189071        0.189346      965
0.189071        0.189346      966
0.189071        0.189346      967
0.189071        0.189346      968
0.189071        0.189346      969
0.189071        0.189346      970
0.189071        0.189346      971
0.189071        0.189346      972
0.189071        0.189346      973
0.189071        0.189346      974
0.189071        0.189346      975
0.189071        0.189346      976
0.189071        0.189346      977
0.189071        0.189346      978
0.189071        0.189346      979
0.189071        0.189346      980
0.189071        0.189346      981
0.189071        0.189346      982
0.189071        0.189346      983
0.189071        0.189346      984
0.189071        0.189346      985
0.189071        0.189346      986
0.189071        0.189346      987
0.189071        0.189346      988
0.189071        0.189346      989
0.189071        0.189346      990
0.189071        0.189346      991
0.189071        0.189346      992
0.189071        0.189346      993
0.189071        0.189346      994
0.189071        0.189346      995
0.189071        0.189346      996
0.189071        0.189346      997
0.189071        0.189346      998
0.189071        0.189346      999
0.189071        0.189346      1000
